21
1 5 3
2 2 6
3 5 1
4 5 4
5 5 6
6 5 7
7 4 1
8 4 3
9 4 5
10 4 6
11 3 2
12 3 4
13 3 6
14 3 7
15 2 1
16 2 3
17 2 5
18 1 1
19 1 3
20 1 5
21 1 7
2
35
1 1 2 2
2 1 3 3
3 1 6 1
4 1 7 2.2360
5 2 3 1
6 3 4 2
7 3 11 2
8 4 5 1
9 4 8 1.4142
10 4 9 1
11 5 9 1.4142
12 5 13 2
13 6 10 1.4142
14 6 14 2
15 7 11 1.4142
16 8 11 1.4142
17 8 12 1.4142
18 9 12 1
19 9 13 1.4142
20 10 11 2
21 10 14 1.4142
22 10 19 2.2360
23 11 15 1.4142
24 11 16 1.4142
25 12 16 1.4142
26 13 17 1.4142
27 13 21 2
28 14 18 1
29 14 19 2.2360
30 15 19 1
31 16 20 1
32 17 20 1.4142
33 18 19 2
34 19 20 2
35 20 21 2