100 5
study 1 0
49999.8 49999.8 49999.8 49999.8 49999.8
3702.27 3125.26 1510.01 3591.23 1922.88 3151.57 2143.76 3491.11 2338.48 3653.48 1286.31 2891.05 1474.23 2427.17 3442.78 3660.15 3117.12 1479.64 1948.23 3886.51 2455.27 2747.36 3576.17 2740.03 2096.39 1766.87 2948.1 1743.74 2086.18 2922.05 2496.85 3454.31 2384.48 1543.4 3572.47 2561.01 1414.91 2987.05 2429.31 3751.22 3210.98 3426.01 3764.95 3953.98 1109.7 3808.54 1231.04 2704.54 1455.47 1786.02 2448.41 2647.72 2286.55 1545.64 2248.65 1062.06 3085.23 1983.66 2978.65 2399.05 1941.92 1932.38 2764.04 2077.35 1332.01 3627.92 1428.24 3526.08 1909.28 3310.91 2361.88 2029.95 2826.7 3990.7 3906.02 1291.89 3705.4 2137.4 1491.6 3490.7 2821.04 2024.46 2017.43 1431.47 3184.11 2008.78 1206.19 2210.68 1338.69 1437.33 3655.92 2502.04 2900.11 1287.23 2046.72 2439.8 3180.42 1787.5 2299.55 2123.45
1 3 0 4 3 0 1 3 2 2 0 1 1 2 2 3 3 4 4 4 1 4 1 0 0
4 0 1 4 4 3 1 2 3 4 4 0 0 3 2 3 3 4 0 4 2 1 1 4 3
0 4 1 0 2 1 2 2 3 1 2 2 0 4 4 4 0 2 0 3 4 4 1 3 0
0 4 4 4 0 0 0 3 0 0 3 2 1 1 4 2 0 2 0 1 0 0 0 0 4
3 1 1 2 0 3 3 4 4 4 3 4 1 2 0 0 2 2 4 4 2 0 4 4 2
2 4 4 2 0 4 0 3 1 2 1 1 4 3 4 1 1 3 1 1 3 2 1 4 4
2 2 2 3 0 1 1 0 4 4 2 3 1 4 1 3 4 2 1 4 2 0 3 3 3
0 4 1 3 4 4 0 2 3 2 2 2 2 0 3 3 2 2 1 0 1 0 0 1 3
3 0 3 3 3 1 3 0 0 0 0 1 0 1 0 2 3 1 0 1 2 1 0 4 3
3 0 3 3 0 2 4 2 3 4 2 0 4 3 0 4 2 2 4 4 1 0 4 4 4
2 0 4 0 1 0 1 4 1 2 2 3 0 2 4 4 0 0 0 0 0 1 3 1 4
0 1 3 2 0 0 4 3 3 0 3 4 1 0 1 0 2 0 0 2 3 0 0 4 4
1 0 2 0 4 0 2 0 0 1 2 4 4 0 4 2 3 1 1 3 4 1 4 4 3
2 0 1 3 3 4 2 4 3 3 1 4 2 1 2 3 0 3 4 4 0 2 0 0 0
4 0 3 1 4 2 4 2 4 2 2 2 3 0 2 0 3 1 1 3 0 4 4 1 3
2 0 3 0 1 2 1 4 1 1 0 2 2 2 0 4 2 3 4 2 4 2 3 2 1
1 4 4 4 3 0 3 4 3 2 4 1 4 3 0 2 4 2 0 2 4 3 3 4 3
1 2 3 0 2 3 0 3 3 4 1 1 3 1 3 3 3 3 3 2 4 0 0 3 1
1 3 1 2 1 3 0 4 4 4 1 3 4 4 0 4 4 2 3 3 3 1 2 2 0
1 0 2 1 0 1 2 3 4 1 3 3 0 4 3 0 0 4 4 3 2 4 3 4 4
2 2 0 1 1 4 2 0 0 1 2 2 3 3 1 3 3 4 1 3 2 3 4 3 2
4 1 1 1 1 1 0 1 3 2 1 2 4 2 3 3 1 3 3 1 1 0 4 3 4
1 1 4 3 3 1 2 1 0 0 0 1 4 0 2 0 4 4 0 3 4 0 4 4 1
3 1 1 3 2 1 0 3 3 0 3 2 2 4 4 3 3 3 0 0 3 0 3 1 3
4 3 3 0 0 4 1 0 2 3 1 1 1 3 2 1 4 4 3 3 2 1 1 2 3
0 3 2 0 0 0 4 0 3 1 0 0 4 0 1 3 0 3 1 1 3 0 4 4 3
0 0 1 4 1 0 3 0 3 3 2 4 3 2 1 0 0 4 2 3 4 0 0 1 3
4 4 2 4 2 4 2 0 2 1 4 1 0 4 3 1 0 0 1 2 3 3 4 0 4
2 2 4 2 0 2 1 0 4 2 2 2 0 2 2 3 4 4 1 1 2 2 3 2 4
0 0 2 4 1 3 1 4 0 0 2 1 3 1 3 0 4 4 1 3 3 0 4 0 0
0 3 2 3 0 4 4 0 0 4 0 1 3 4 2 2 4 1 1 1 4 4 3 3 1
0 4 3 0 0 1 2 1 1 3 4 3 1 2 2 3 0 4 0 1 4 2 4 2 3
0 4 3 4 4 1 1 2 0 4 4 3 3 2 1 1 0 3 3 4 3 4 4 4 1
2 3 2 0 2 2 3 0 4 1 3 2 3 2 0 4 3 4 3 0 3 1 3 4 1
0 4 0 0 0 2 1 2 3 1 4 2 0 1 1 2 4 1 0 3 4 4 2 2 4
3 0 4 1 3 2 1 2 3 1 1 2 0 2 2 1 2 3 3 0 4 2 2 2 0
3 4 4 3 2 4 3 0 3 2 1 3 3 2 4 1 2 4 2 4 3 1 4 0 0
2 4 0 0 3 2 0 2 3 0 4 2 4 2 2 1 3 3 4 2 3 2 2 1 2
4 0 3 1 3 1 3 1 4 4 3 2 0 2 0 2 0 1 4 4 3 0 3 3 1
0 1 4 1 2 2 2 4 2 4 1 4 2 4 4 1 0 1 3 2 2 4 2 1 4
0 3 2 0 4 1 2 3 3 1 3 1 3 3 3 0 4 3 2 1 0 4 2 1 4
2 3 3 3 1 3 4 0 0 1 0 4 3 0 2 0 0 0 1 3 0 3 4 2 1
1 0 4 1 4 3 2 3 4 1 4 3 2 2 2 3 3 0 1 1 3 0 4 1 4
3 0 2 0 2 0 1 1 1 4 2 2 4 4 1 4 4 1 1 4 2 4 2 4 1
2 4 4 4 2 3 4 4 0 4 0 0 3 0 0 3 0 1 0 0 1 2 3 2 4
4 4 0 3 3 0 3 3 1 2 4 4 1 4 0 1 3 3 3 2 0 3 2 2 0
1 3 3 3 1 1 3 2 3 4 3 4 1 4 4 1 2 4 1 1 3 1 2 3 1
0 3 3 2 2 2 0 2 3 4 1 3 1 2 3 3 0 2 0 0 2 3 0 0 4
2 4 0 4 3 3 0 3 4 2 2 2 1 2 3 2 0 1 4 3 4 3 4 1 3
0 1 1 4 1 4 0 4 3 1 2 1 3 0 0 4 3 3 4 3 3 2 0 4 2
2 2 2 4 3 2 3 4 3 0 3 3 1 2 1 2 1 3 3 3 3 4 4 0 3
3 2 2 3 3 1 4 0 4 3 3 2 0 3 3 2 0 3 4 1 0 2 1 4 0
3 4 0 2 0 3 4 2 3 1 0 0 0 1 4 1 0 0 4 0 1 2 2 3 3
3 1 0 2 3 3 3 3 2 0 3 3 3 2 4 3 2 1 3 4 4 0 1 1 3
0 0 4 3 4 2 1 2 3 3 4 2 4 0 3 4 2 2 4 2 2 2 1 4 0
3 3 1 4 3 2 1 2 1 3 0 0 1 1 3 2 3 3 3 0 0 3 0 0 1
0 2 3 1 4 3 2 0 1 3 1 2 2 4 3 1 4 1 0 1 4 1 1 4 2
0 2 3 2 2 4 3 2 3 2 2 4 0 3 2 2 0 0 1 3 3 3 4 1 0
2 2 2 3 3 3 4 3 0 3 2 3 3 0 2 2 2 2 0 3 3 3 4 3 0
1 1 2 3 3 2 1 2 2 4 4 2 4 3 3 4 1 1 1 4 1 1 3 1 1
3 3 2 2 0 2 0 0 2 2 0 2 0 4 3 2 1 1 4 2 0 0 2 4 3
4 4 0 0 2 4 0 2 4 3 0 1 3 4 4 4 3 1 0 1 1 3 1 3 0
1 4 2 0 2 1 2 0 2 3 0 0 4 0 2 0 2 4 3 3 2 2 2 3 0
2 1 2 4 1 4 2 4 3 3 1 0 3 3 2 1 4 0 2 4 4 1 1 1 0
1 3 4 3 3 4 2 2 4 2 4 3 0 3 4 1 2 0 0 2 2 2 0 0 0
2 4 3 0 2 0 4 2 3 0 4 2 1 1 1 2 4 4 0 1 3 1 3 2 2
0 3 0 3 4 0 1 3 2 1 0 3 2 4 4 3 3 3 3 4 2 1 1 0 0
4 2 0 2 4 0 2 3 4 4 4 0 2 2 4 4 3 1 3 1 2 0 3 1 3
0 0 2 4 1 3 1 4 2 3 2 3 3 4 4 4 4 1 4 1 2 0 3 3 3
2 1 4 0 4 0 2 2 3 4 0 2 1 0 3 4 0 4 4 2 0 0 3 2 4
0 2 2 4 3 4 3 1 3 0 1 4 3 2 4 2 2 2 2 3 0 3 0 1 0
4 1 1 1 1 1 0 2 0 4 1 2 1 3 3 2 1 2 4 4 1 2 0 0 1
3 0 2 0 1 3 2 4 1 4 4 2 0 1 3 0 4 2 3 1 4 0 3 1 4
3 4 2 4 3 4 3 2 3 2 2 2 4 1 2 3 1 1 0 0 3 3 3 3 1
3 0 2 2 1 2 4 0 1 2 2 0 4 1 4 2 0 3 2 2 2 2 2 1 1
0 3 3 0 4 0 4 1 3 2 3 0 1 2 4 0 0 4 4 2 1 3 3 1 0
0 0 1 2 2 3 0 3 3 0 0 1 3 2 0 2 1 1 3 0 1 2 1 3 4
1 2 1 2 4 1 1 1 3 0 4 2 3 4 4 3 0 0 3 1 3 3 4 4 0
0 0 1 3 0 0 0 1 2 4 3 3 1 0 2 3 1 4 4 2 4 4 3 2 4
0 1 0 4 4 2 0 4 1 1 4 0 4 4 1 1 4 2 1 1 1 3 2 3 4
0 3 1 2 4 4 0 1 4 3 1 4 0 1 2 3 3 1 3 3 0 4 2 1 0
1 3 2 3 4 4 0 3 4 2 2 0 1 2 3 2 3 3 0 2 4 0 2 2 0
2 4 0 4 2 4 2 4 4 2 0 1 4 3 3 1 1 0 1 4 3 2 0 3 4
4 0 3 4 4 4 3 3 2 2 3 3 0 1 3 2 1 2 2 0 0 0 1 4 1
0 2 1 0 1 3 0 4 3 3 0 0 3 2 2 4 3 1 1 1 4 3 2 2 3
2 1 0 0 1 4 1 1 2 3 4 1 3 4 2 4 3 0 4 1 2 1 4 2 0
1 4 2 1 1 1 3 1 2 1 4 3 3 2 4 2 3 0 4 2 2 3 3 0 0
3 4 2 4 0 3 3 4 1 3 2 2 3 4 2 3 1 2 3 2 4 0 2 2 3
3 2 1 3 4 2 2 0 4 3 3 0 4 1 2 4 2 0 0 3 1 1 1 2 1
3 3 1 0 2 0 4 0 1 1 3 3 4 1 4 1 3 3 4 4 3 3 3 2 3
3 2 1 2 1 4 2 0 0 1 1 2 4 0 3 3 3 3 2 4 3 1 3 0 0
0 3 3 2 0 3 2 1 2 2 1 3 1 4 4 1 2 4 0 3 3 2 4 0 3
4 1 1 3 0 4 4 2 2 1 0 2 2 2 1 1 4 0 2 2 4 1 4 2 4
0 1 1 2 0 4 3 3 4 0 0 2 3 2 4 0 3 2 2 4 4 0 3 2 0
0 0 0 0 0 0 0 1 0 4 2 0 0 2 0 1 2 0 4 4 1 0 3 3 4
1 0 2 1 2 1 1 0 3 0 3 1 2 2 1 1 4 1 4 1 2 2 4 0 0
3 1 2 2 0 0 4 2 0 0 4 4 4 0 1 1 1 0 4 4 4 0 0 4 0
1 2 3 2 4 4 0 1 0 2 3 4 4 0 0 0 3 4 2 0 1 1 0 0 2
3 4 0 1 3 3 2 1 0 0 1 4 1 2 4 2 2 2 2 0 1 4 1 4 0
2 0 4 0 3 0 3 1 1 3 3 0 3 1 4 0 4 1 2 0 1 1 4 4 3
