200 6
study 1 0
81110.2 81110.2 81110.2 81110.2 81110.2 81110.2
1649.3 3085.29 1508.23 2274.79 3819.22 3773.63 2763.54 3617.35 2640.8 1924.54 3514.12 1399.7 1262.58 2736.07 3359.63 3803.02 1937.68 1613.59 1041.71 2594.06 1154.39 1314.05 3525.77 3536.09 2678.17 2223.02 1621.36 1820.23 2655.76 2656.94 1374.57 1742.45 3632.92 3719.67 3248.61 3992.07 1187.97 2270.68 2599.55 2028.18 1576.23 1235.39 3473.95 3614.35 1712.78 2377.73 2168.51 3577.81 2096.16 1089.67 3198.35 2755.9 3484.77 2880.01 2800.39 3563.28 2678.04 2344.76 2404.43 1874.03 3745.25 1210.71 1033.3 3465.17 2198.26 2598 1807.47 1374.09 2660.12 2338 3241.51 2840.04 2725.02 2357.29 1790.27 2936.95 3657.06 1393.12 1902.31 2592.23 1075.52 2731.99 1144.58 1693.37 2773.81 1658.91 3491.1 2347.32 1558.36 2072.98 2018.72 1784.7 2016.98 1397.56 2985.38 2191.05 1071.5 1236.41 3402.67 2495.5 1530.31 3649.25 3389.68 3658.08 2136.77 1221.82 3060.23 1581.88 1777.48 1648.21 3360.26 1628.16 1853.97 3342.88 3496.4 2953.11 2521.13 3379.19 3232.7 1963.51 1139.32 2414.8 3733.85 2337 2699.51 2637.79 3101.64 1679.95 3930.48 2544.45 2587.28 3206.87 1604.59 2990.31 2497.22 1379.95 1556.96 1087.47 1503.36 2814.89 3166.44 3976.06 1255.18 1565.3 1156.26 3896.99 3089.54 1016.25 3577.87 1854.39 2059.15 2252.23 3781.66 1156.24 3217.58 1961.69 1603.4 1167.17 1970.57 2521.8 2210.14 3971.18 1398.72 2079.74 2313.81 2865.13 1132.26 3801.66 2116.13 2585.66 1158.43 2983.56 3790.04 2432.79 2762.68 3539.2 1204.29 1337.2 3985.86 3648.32 1554.38 1488.13 2461.38 2514.16 1753.75 3888.19 2613.97 2724.16 2755.48 1104.31 3609.51 2007.22 1933.9 3944.59 1869.85 3439.82 1654.26 3890.33 3395.95 2533.4
3 4 4 1 4 4 0 3 4 4 1 0 4 1 4 4 1 1 0 3 4 2 0 0 3
2 2 3 1 2 2 4 1 0 4 0 0 4 1 1 4 4 4 2 2 4 2 4 2 2
4 1 1 0 0 4 3 2 4 1 2 3 0 1 0 0 0 4 0 1 0 0 0 0 0
4 0 0 1 4 1 0 4 2 0 3 0 3 3 4 3 4 0 4 2 2 4 4 2 4
4 0 0 3 4 3 0 0 2 0 0 4 0 1 0 2 3 1 0 4 4 0 4 2 1
0 3 3 0 0 4 4 0 1 3 4 1 4 0 1 2 3 4 2 1 4 0 1 2 0
3 3 1 2 0 4 3 0 4 2 4 0 2 0 4 2 1 0 0 4 0 1 1 0 4
1 2 4 0 2 2 4 0 1 0 4 0 3 1 2 1 1 4 1 1 3 3 0 2 3
0 1 4 3 0 1 4 1 0 2 4 1 4 1 3 3 3 4 4 4 4 3 4 4 1
1 0 4 2 1 3 0 0 3 4 4 2 2 0 3 4 3 0 3 0 1 1 2 0 1
3 0 0 2 1 4 4 1 3 1 2 2 4 1 4 0 4 3 1 0 4 3 1 2 3
3 4 3 3 0 1 2 4 2 3 3 4 3 3 3 2 1 0 0 4 4 2 2 4 4
4 3 4 4 0 0 0 1 1 0 4 4 2 4 0 1 1 0 2 3 4 4 1 3 2
4 1 0 1 4 2 1 4 2 4 2 1 3 3 0 0 4 1 1 1 2 4 4 0 1
1 1 1 4 3 4 1 3 3 4 1 2 3 0 1 3 2 4 1 2 3 2 4 3 4
2 2 4 1 2 3 2 4 2 4 2 1 1 1 4 3 4 3 2 4 1 2 3 0 0
0 2 0 0 1 0 4 0 4 0 3 3 0 4 0 2 0 0 4 2 4 0 2 1 1
3 1 0 4 1 0 2 4 4 0 4 1 4 0 1 1 1 4 0 4 2 3 2 2 1
4 0 0 4 1 2 1 2 2 0 1 3 4 0 1 0 3 1 1 2 4 3 2 0 4
4 3 2 0 1 2 4 1 0 0 3 0 0 3 0 1 4 3 4 4 3 0 4 0 1
2 0 1 0 1 4 2 2 2 0 4 2 2 1 2 2 3 1 2 2 0 2 0 1 1
1 3 0 2 2 1 0 0 4 4 0 1 3 4 2 3 4 1 2 4 4 1 0 0 4
2 4 0 1 1 0 1 0 4 0 4 4 3 2 4 1 3 1 2 0 1 1 3 4 1
1 0 0 2 0 0 4 2 1 0 3 1 3 3 3 3 1 0 4 4 0 1 0 2 1
4 1 0 2 0 0 4 2 4 3 4 1 2 2 0 1 3 2 0 1 1 2 2 0 0
4 3 0 0 2 0 1 4 1 3 3 4 4 4 1 2 0 2 1 1 0 0 3 3 3
2 0 0 3 3 2 1 0 2 2 3 2 3 0 1 1 0 2 4 3 0 3 0 2 2
4 4 2 1 4 4 3 1 2 1 2 3 2 1 1 1 0 0 1 2 0 0 4 4 2
3 2 4 1 1 4 0 3 2 0 1 0 2 3 3 3 3 2 2 3 0 1 4 1 0
4 4 4 1 4 3 1 0 1 0 0 2 3 4 0 4 4 1 2 1 3 0 0 2 0
4 1 3 2 1 0 4 2 2 0 1 3 3 3 1 0 2 2 4 3 3 3 2 4 1
4 2 4 1 4 1 4 0 1 2 2 2 3 1 4 4 0 4 2 4 1 1 2 4 1
3 3 2 2 2 1 2 4 2 2 3 4 1 1 4 2 1 2 2 1 2 4 1 3 4
0 0 3 1 1 1 3 1 1 1 3 0 1 3 1 2 4 2 2 1 3 2 0 1 1
3 2 2 4 3 2 3 2 4 1 2 0 2 0 4 2 1 2 4 2 3 1 2 3 4
0 0 0 0 0 0 1 0 2 3 3 1 4 3 4 1 0 1 1 4 2 0 2 0 3
0 2 3 2 2 4 4 3 4 1 3 1 2 4 0 1 0 2 0 3 1 2 1 2 4
3 3 2 4 1 2 3 0 2 4 0 4 2 3 2 1 0 1 3 4 0 4 1 4 4
3 2 1 3 1 0 4 2 2 3 0 4 3 4 3 3 4 0 0 1 4 1 2 3 0
4 0 1 3 2 0 3 1 2 3 1 2 4 4 1 1 0 3 1 2 4 1 2 0 3
3 2 1 3 0 3 0 3 2 0 2 0 2 4 1 3 1 0 2 1 4 4 2 4 1
1 4 1 1 2 3 1 1 4 0 0 4 1 0 2 2 1 0 3 0 1 0 0 3 1
1 3 1 1 1 4 2 2 0 1 0 0 1 4 3 3 1 4 3 3 2 2 2 4 0
1 2 4 3 0 2 2 2 4 4 4 1 4 3 4 0 0 0 4 2 4 3 3 4 4
0 3 4 2 1 4 3 2 0 0 2 1 0 2 1 2 2 3 1 4 4 1 3 2 2
0 2 0 4 1 4 1 1 3 1 4 4 3 1 3 0 0 3 0 2 1 2 4 1 0
2 4 1 4 3 0 4 0 2 1 2 0 0 3 0 3 3 1 2 3 2 3 2 1 2
0 4 3 0 2 0 2 1 4 3 1 1 1 1 0 3 3 3 3 3 3 2 3 1 0
0 2 1 0 2 3 3 4 3 4 3 1 3 3 0 1 3 1 4 4 4 2 0 2 2
4 2 4 1 3 2 4 2 3 2 2 3 0 1 2 3 4 4 3 0 1 0 2 4 2
1 1 1 4 1 1 3 4 1 2 4 1 1 4 1 2 3 4 4 0 1 1 1 3 4
1 1 4 3 1 2 4 2 0 1 3 1 4 0 4 3 4 3 3 1 2 1 4 4 2
4 0 4 1 3 1 4 2 3 2 4 0 2 3 1 1 4 4 4 0 1 4 0 3 4
0 3 1 0 4 2 2 4 2 2 1 0 1 3 0 4 3 2 2 0 0 3 1 3 2
4 3 3 4 3 0 3 3 4 4 4 2 1 4 1 4 2 0 0 4 2 0 1 0 0
2 2 3 0 1 1 1 4 0 4 4 3 1 0 1 0 4 1 3 1 1 3 4 0 2
2 1 0 1 4 0 2 3 1 0 3 3 3 4 4 0 2 3 1 1 3 0 4 3 0
2 4 1 3 4 3 4 2 0 1 0 2 4 1 4 4 4 1 1 1 0 1 4 3 2
2 1 4 4 4 4 4 3 0 1 0 2 1 1 1 1 2 4 1 0 2 1 0 0 1
0 3 3 0 3 3 2 0 0 1 4 4 1 3 1 3 4 0 3 2 0 0 0 0 4
1 1 0 2 4 4 3 3 4 1 4 3 2 2 3 0 4 4 1 4 1 0 4 3 0
2 3 2 4 3 1 0 3 1 4 1 3 0 4 2 1 0 2 3 4 3 3 2 3 1
3 0 0 0 1 3 0 0 3 2 4 2 3 2 0 1 4 4 0 1 2 4 0 3 4
3 0 4 1 4 0 3 1 0 3 0 2 0 3 3 1 2 3 0 4 2 4 3 1 2
4 2 4 4 1 2 0 3 4 4 0 0 3 4 1 1 4 1 0 3 4 3 4 2 0
2 0 3 0 3 0 2 0 1 0 1 0 1 4 0 2 4 2 1 4 0 3 2 1 0
0 3 4 3 1 0 2 2 0 4 0 4 4 0 4 4 2 0 1 0 2 1 3 0 2
1 0 1 4 2 1 4 0 0 2 3 2 2 0 3 3 4 3 3 2 1 4 3 3 2
2 0 0 3 1 2 0 3 1 4 2 3 3 2 3 2 2 1 3 0 0 3 0 0 3
0 0 4 1 4 4 4 0 1 3 4 3 4 4 0 2 4 1 3 4 0 2 0 4 0
2 4 0 2 4 2 2 1 0 1 3 0 3 2 2 4 3 3 4 4 4 1 3 3 2
2 2 4 0 1 3 1 1 1 1 0 1 2 2 3 2 0 4 0 0 2 0 1 0 3
3 0 4 3 4 1 3 4 1 4 2 3 2 0 4 3 1 3 0 1 2 2 4 1 2
1 3 1 1 0 1 4 1 2 1 3 4 4 2 1 0 0 3 1 4 3 4 1 0 4
1 0 2 2 0 3 2 1 3 2 2 2 3 2 4 4 0 0 2 1 0 2 1 2 4
0 1 1 2 0 0 4 0 0 3 0 2 3 0 2 0 2 2 0 3 0 2 1 4 2
1 2 4 1 0 0 3 2 3 0 2 4 3 0 1 4 0 1 2 4 1 3 0 3 3
2 3 2 4 1 4 3 3 1 1 0 3 2 2 4 2 2 3 0 0 4 2 4 2 1
4 3 2 4 1 4 2 1 2 2 3 4 3 3 3 3 4 2 2 1 1 2 2 4 3
3 3 1 1 3 3 4 3 2 2 3 4 4 0 2 4 3 2 1 4 0 4 0 4 0
1 1 2 2 3 2 2 3 0 1 4 4 4 3 2 0 1 4 2 2 3 4 0 4 1
0 1 0 2 3 4 0 4 0 1 0 4 4 3 2 4 4 0 4 1 2 2 4 3 1
3 4 2 4 1 0 0 1 1 4 4 3 4 1 3 2 4 4 1 3 4 0 3 3 2
3 2 2 1 2 2 0 4 3 1 0 3 0 4 2 4 0 2 4 0 4 3 3 1 2
1 2 2 2 0 0 4 1 4 4 1 4 3 1 0 1 1 3 4 4 4 1 1 3 1
0 4 2 2 2 3 1 2 4 4 4 4 3 0 3 1 0 1 1 3 2 3 3 2 2
2 3 0 4 4 2 2 2 1 0 0 2 4 0 2 3 1 2 4 1 2 1 4 2 0
4 3 3 3 1 0 0 3 4 2 0 2 3 2 1 0 4 4 2 1 0 0 4 0 4
2 3 4 1 0 0 1 1 4 2 4 4 0 3 1 2 1 0 3 0 1 0 1 0 1
2 0 2 1 2 0 3 3 4 2 0 4 3 4 2 0 3 2 0 0 4 0 1 4 4
1 3 4 3 4 1 1 1 1 1 1 4 0 4 2 2 2 3 0 2 4 1 1 4 4
1 0 4 1 4 0 3 4 0 1 1 0 0 0 4 3 4 3 0 3 2 4 1 4 1
2 3 2 2 4 4 2 1 3 3 2 1 2 4 2 1 2 4 1 4 2 0 2 4 1
0 0 3 0 0 3 4 3 0 0 1 3 1 4 2 3 2 0 2 2 1 4 3 3 2
3 1 3 0 1 2 2 1 4 0 1 2 0 0 1 0 2 3 1 2 4 4 0 0 3
2 2 2 2 1 0 4 1 4 4 3 4 4 4 0 3 3 2 2 4 2 2 0 3 4
1 4 4 3 0 3 3 2 0 0 2 3 3 1 4 4 0 3 0 0 3 1 0 2 2
4 4 0 4 2 0 1 0 1 3 4 3 4 1 1 4 3 4 4 4 4 3 1 0 3
1 2 4 1 4 2 3 0 1 3 2 1 0 3 2 1 1 4 1 3 1 3 4 3 4
3 2 0 1 2 4 2 2 2 1 3 3 0 0 3 4 0 2 0 3 2 2 0 4 3
1 1 2 3 3 3 1 2 0 1 4 4 4 3 0 0 3 4 1 3 4 0 4 4 1
0 1 1 1 3 4 1 1 3 2 1 3 0 3 1 1 1 0 4 0 2 0 1 1 1
2 1 3 3 1 3 3 4 1 3 1 1 2 3 2 2 1 4 1 3 0 2 2 3 3
2 3 2 0 0 3 2 0 0 4 0 3 2 2 2 4 4 0 0 2 3 3 3 0 1
4 3 1 4 3 0 2 1 0 1 4 0 0 0 4 4 1 1 1 1 1 3 4 1 0
0 3 3 0 3 0 3 3 4 0 1 1 4 1 3 2 4 1 0 1 1 3 0 3 2
4 4 4 2 4 4 4 4 2 1 1 3 2 2 3 3 3 4 0 4 2 0 2 2 3
3 2 0 0 1 4 4 1 3 3 1 4 4 1 3 4 1 4 2 4 2 2 1 4 2
1 0 1 1 1 0 0 1 3 3 2 0 1 2 1 4 0 2 4 2 2 4 1 1 1
3 1 0 3 1 0 0 3 2 4 4 0 2 3 3 4 4 2 0 1 0 3 0 1 2
1 4 2 1 1 3 3 4 1 4 4 4 4 4 0 2 4 1 2 1 1 0 0 0 3
2 3 1 2 1 1 1 2 0 1 4 0 4 3 3 3 2 3 1 1 1 3 1 4 1
1 1 1 1 3 4 0 2 2 4 3 0 0 3 2 1 1 3 1 1 2 1 1 4 3
1 4 2 3 2 1 3 4 4 4 0 4 0 3 2 4 4 1 2 2 3 2 0 3 1
4 0 3 3 3 1 3 0 4 1 2 4 0 4 3 4 4 1 1 2 2 1 0 2 0
2 0 1 3 2 4 4 0 2 3 0 1 2 3 1 0 4 1 4 3 1 3 4 4 0
2 2 4 4 2 2 1 0 3 2 1 0 3 0 3 3 0 0 3 0 3 2 0 0 0
0 2 0 4 4 4 2 1 2 0 0 2 4 4 3 3 2 0 2 2 0 4 3 3 1
4 0 1 3 3 2 3 4 1 3 2 2 2 3 1 4 2 3 0 2 0 3 4 2 4
1 1 4 0 1 1 3 3 4 1 1 2 3 4 0 3 3 0 1 0 1 1 0 3 4
1 2 1 3 3 3 0 3 3 3 0 3 0 4 1 3 2 4 1 1 4 4 4 3 4
2 4 3 3 2 0 0 4 2 1 1 2 2 0 4 2 0 4 0 2 1 3 3 4 1
4 4 3 1 2 4 4 4 3 0 0 1 2 4 3 1 2 4 4 0 0 4 4 0 3
3 1 0 2 1 4 2 4 1 4 0 0 4 4 1 4 0 0 1 4 3 0 2 2 1
3 1 4 2 1 1 1 0 2 4 4 4 3 2 1 4 0 1 2 1 1 0 1 1 2
4 1 1 1 0 4 0 2 0 3 2 0 1 3 3 1 0 2 3 2 2 4 1 2 1
0 0 3 1 0 1 3 0 4 3 2 4 2 3 2 4 2 4 0 1 0 0 4 3 4
4 0 2 4 2 4 1 1 0 1 1 3 0 3 3 0 0 3 1 1 2 2 3 2 1
4 4 2 3 0 1 3 2 3 0 0 2 2 1 3 4 1 3 3 1 0 2 3 4 2
1 2 1 3 0 2 0 3 2 1 2 2 2 4 2 3 3 3 4 1 1 3 2 0 1
4 4 1 3 2 4 2 3 1 0 4 2 2 1 1 0 0 0 4 3 0 2 2 1 0
1 4 1 3 0 2 3 0 2 0 2 2 2 2 0 2 1 4 0 1 0 3 1 1 2
2 1 1 0 2 3 0 2 2 4 1 4 1 3 0 1 0 1 3 4 4 0 2 2 1
2 4 4 1 2 0 2 3 2 4 4 0 0 4 1 0 0 1 4 2 1 1 3 4 0
0 4 3 1 1 3 0 0 1 0 3 4 2 3 0 1 0 4 3 2 3 3 3 3 1
4 4 4 3 0 3 1 1 3 4 1 0 2 0 3 3 1 2 4 2 2 3 3 4 4
4 0 0 1 0 2 4 0 2 4 4 2 1 1 4 1 2 3 3 1 1 2 1 3 2
1 3 2 4 3 3 2 1 0 4 1 4 0 4 2 1 1 0 3 0 0 0 2 3 1
2 3 1 0 0 4 3 0 4 3 3 4 1 0 2 2 0 1 3 4 2 3 1 2 3
1 4 2 3 3 0 3 4 4 3 0 1 4 2 2 4 4 1 2 4 0 3 0 0 4
3 4 1 4 1 3 1 4 4 2 3 0 2 1 3 1 0 4 3 2 0 1 4 3 1
4 0 4 1 4 4 4 3 0 1 0 4 1 2 3 3 0 2 0 2 0 0 1 3 2
3 2 4 1 1 4 4 3 2 2 2 2 2 4 4 2 0 1 3 3 2 0 1 1 3
0 0 1 1 3 4 3 1 2 4 4 1 1 4 1 2 2 1 1 4 0 4 3 0 4
0 1 0 2 1 4 2 0 3 2 4 2 1 1 4 2 3 1 2 3 1 0 4 3 0
3 0 3 3 1 4 4 1 0 4 0 3 3 1 2 1 1 3 0 1 4 0 1 0 4
2 3 4 4 3 0 4 0 2 0 1 2 1 3 2 4 4 3 1 0 3 1 2 2 0
4 2 1 4 2 1 0 0 1 4 4 4 0 2 4 0 3 1 3 0 4 4 4 4 4
3 1 1 3 1 2 0 2 3 1 3 1 1 0 0 2 2 1 4 3 4 0 0 3 2
0 0 4 2 2 4 1 2 0 3 0 4 4 1 3 2 4 0 0 3 2 1 4 3 0
2 2 0 1 4 0 2 2 2 0 2 1 3 4 2 4 3 1 1 0 1 2 2 4 0
1 1 0 2 4 0 3 2 1 2 2 1 4 4 1 3 0 2 4 0 4 1 3 3 4
0 1 0 3 1 3 3 0 3 4 0 2 0 2 2 0 0 3 4 0 1 3 4 4 4
1 4 0 3 1 4 3 3 3 3 2 4 0 2 4 4 0 0 4 0 4 4 3 3 2
1 1 3 0 4 1 3 0 1 3 4 2 4 2 3 1 1 3 1 2 4 0 1 4 3
4 0 3 1 0 0 3 1 3 3 0 0 4 4 1 2 0 0 1 1 2 4 3 3 3
1 3 0 2 0 4 3 0 4 4 3 3 3 4 0 4 3 3 4 2 3 3 3 4 4
1 0 0 1 4 3 3 0 1 1 1 0 2 2 0 4 4 3 3 0 2 2 1 1 1
1 4 4 4 0 3 4 0 3 2 0 0 0 4 4 3 3 2 3 0 2 2 0 4 1
4 3 2 3 4 0 4 1 3 0 4 4 1 3 1 2 0 4 4 2 4 1 2 0 2
2 0 0 2 0 1 4 1 1 4 0 0 1 0 2 1 3 0 0 0 3 3 2 3 4
1 2 0 3 2 4 3 4 3 3 3 3 2 0 3 2 4 0 4 1 0 1 1 1 4
4 3 0 0 4 0 4 3 3 1 2 1 4 4 0 1 0 3 2 1 0 2 1 4 1
2 1 3 3 3 4 4 4 3 2 3 2 0 0 1 3 0 3 1 1 0 1 4 4 2
2 4 1 1 2 0 3 0 4 2 1 2 0 0 1 4 4 3 3 4 4 4 1 4 2
4 0 0 1 4 1 4 1 3 3 4 2 4 2 3 0 4 3 3 3 3 4 1 1 0
1 4 2 1 2 3 1 3 2 3 4 3 0 3 2 2 4 0 0 2 4 3 1 0 2
0 3 1 1 0 2 4 3 0 4 3 0 0 0 1 0 2 0 2 3 3 0 2 2 2
2 1 3 3 0 2 3 4 4 1 0 2 3 1 0 2 2 0 2 3 0 0 2 3 1
0 3 4 1 4 3 4 3 2 3 1 0 0 2 2 4 2 2 4 3 0 2 0 1 0
3 2 1 3 2 3 3 1 0 4 3 4 3 1 3 2 2 2 0 3 2 3 4 1 0
2 1 2 2 1 2 0 0 4 3 1 4 1 2 1 4 2 1 0 3 1 3 2 0 0
3 4 4 3 3 2 4 1 4 1 1 0 0 2 2 3 1 2 2 0 3 4 4 2 4
3 4 4 4 2 1 1 4 0 0 3 2 1 0 4 1 0 3 0 4 2 1 1 2 1
1 3 3 4 2 0 1 1 0 0 4 2 2 0 1 4 0 4 1 4 3 0 0 1 0
2 4 4 0 4 2 2 3 3 2 2 4 1 0 0 2 2 2 1 0 3 2 2 0 2
0 0 4 1 1 1 4 1 4 3 0 1 4 3 4 4 4 1 3 3 0 1 0 3 1
3 0 0 0 1 2 2 4 2 1 2 2 0 1 3 3 1 3 0 2 4 2 4 0 3
4 1 3 2 1 1 4 2 2 3 1 1 1 4 0 2 3 3 2 2 4 4 4 3 0
3 2 4 2 2 0 1 1 3 3 1 0 2 0 3 2 0 1 3 0 4 4 2 3 4
3 4 4 2 4 1 3 0 0 0 2 1 0 2 2 0 3 0 1 3 2 1 1 0 2
4 1 4 1 2 0 2 2 3 2 2 2 1 3 3 3 2 1 1 3 3 3 3 1 2
3 3 4 0 0 2 1 3 3 4 2 3 2 0 1 0 1 3 0 2 0 0 1 0 1
4 3 2 0 4 4 1 2 4 1 0 1 1 0 4 2 4 0 1 1 1 2 3 2 3
4 4 0 0 1 3 4 0 4 1 4 0 0 2 3 0 2 1 4 2 2 2 2 4 3
3 4 3 3 3 4 2 1 1 2 1 2 4 3 4 1 0 4 0 2 2 3 1 3 1
3 2 3 3 4 1 2 2 3 1 3 2 3 2 4 2 0 0 0 1 3 2 4 3 1
0 2 1 2 3 0 4 2 1 2 4 4 2 3 0 1 3 2 3 3 2 4 2 2 2
1 0 2 3 1 3 4 3 0 3 4 1 4 3 1 3 0 2 1 2 1 4 1 0 4
0 2 0 0 3 1 4 0 0 1 1 3 3 0 1 2 0 2 2 3 3 0 4 1 0
2 0 1 4 0 1 4 4 1 2 4 3 3 2 1 3 2 2 3 3 0 4 3 3 0
3 4 3 2 3 2 1 4 3 0 2 3 1 0 4 4 1 2 2 1 2 1 3 0 1
2 0 3 0 1 2 3 0 1 1 0 4 1 1 0 1 1 1 0 4 4 3 1 3 2
0 2 4 4 0 4 1 0 2 4 1 0 1 3 2 2 2 3 1 3 4 0 3 1 0
4 2 2 2 4 4 1 1 0 3 2 3 0 4 1 2 2 1 2 1 2 4 1 3 3
0 3 3 1 3 0 0 4 3 3 3 0 0 4 2 1 3 0 1 2 2 4 4 2 4
4 4 1 1 0 2 0 0 0 2 4 4 4 4 3 4 1 2 1 1 0 4 0 2 0
0 2 3 0 1 1 4 2 2 2 3 1 3 0 4 4 0 3 4 4 3 1 4 2 1
1 4 0 1 0 4 3 0 0 0 1 4 3 1 3 3 4 0 0 3 0 4 1 0 1
3 3 2 2 2 4 1 2 2 2 3 0 0 0 3 3 3 0 0 4 2 0 2 0 0
