28
1 -6.00 106.00
2 318.00 212.00
3 605.00 384.00
4 13.00 -9.00
5 187.00 -3.00
6 282.00 -2.00
7 388.00 -2.00
8 504.00 -18.00
9 617.00 14.00
10 218.00 97.00
11 390.00 109.00
12 501.00 93.00
13 590.00 115.00
14 14.00 194.00
15 220.00 214.00
16 395.00 200.00
17 503.00 204.00
18 606.00 207.00
19 16.00 306.00
20 206.00 308.00
21 305.00 316.00
22 399.00 294.00
23 501.00 296.00
24 615.00 287.00
25 -9.00 417.00
26 200.00 399.00
27 297.00 390.00
28 403.00 382.00
3
47
1 1 2 188.00
2 1 7 122.00
3 2 3 104.00
4 2 8 112.00
5 3 4 111.00
6 3 14 229.00
7 4 5 120.00
8 4 9 116.00
9 5 6 118.00
10 5 10 111.00
11 6 11 108.00
12 7 8 236.00
13 7 12 93.00
14 8 13 127.00
15 9 10 115.00
16 9 15 100.00
17 10 11 99.00
18 10 16 118.00
19 11 17 99.00
20 12 13 215.00
21 12 18 121.00
22 13 14 108.00
23 13 19 101.00
24 14 15 80.00
25 14 20 106.00
26 15 16 114.00
27 15 20 149.00
28 15 21 101.00
29 16 17 104.00
30 17 22 147.00
31 17 23 83.00
32 18 19 196.00
33 18 24 114.00
34 19 20 107.00
35 19 25 99.00
36 20 21 106.00
37 20 25 136.00
38 20 26 77.00
39 21 22 110.00
40 21 27 96.00
41 22 23 118.00
42 22 27 143.00
43 23 28 104.00
44 24 25 228.00
45 25 26 101.00
46 26 27 109.00
47 27 28 218.00