70
17 7 16 17 7 7 11 15 14 4
66 13 19 Inf 6 46 62 54 49 21
54 53 32 9 45 22 44 19 Inf Inf
52 32 11 49 2 12 50 6 35 12
6 2 6 1 1 1 1 1 6 4
88 28 14 46 Inf 10 1 31 Inf 30
21 18 18 2 16 14 1 8 19 13
128 18 75 31 28 49 44 53 65 Inf
68 29 66 46 1 12 18 Inf 10 53
70 Inf Inf 37 Inf 21 32 68 47 53
85 48 5 75 Inf 55 24 74 19 78
21 1 5 1 12 14 21 19 8 17
134 75 96 75 37 63 8 26 Inf 88
135 77 74 17 41 36 130 83 33 134
94 85 Inf 9 41 63 Inf 20 48 55
90 Inf 52 17 51 89 66 29 14 73
50 15 44 10 46 6 33 Inf 34 47
143 51 35 24 62 Inf 65 75 87 118
19 1 13 16 17 3 17 5 8 9
54 9 20 53 Inf 32 14 Inf 15 39
50 31 7 31 28 Inf 23 11 Inf 49
40 2 Inf 8 17 Inf 9 21 23 35
73 6 40 67 30 63 10 46 5 Inf
12 7 4 3 9 4 6 Inf 10 2
152 98 98 24 51 43 11 24 20 Inf
42 10 39 25 12 20 6 Inf 5 21
45 Inf 6 23 1 Inf 10 25 40 6
74 18 73 31 2 65 61 46 12 Inf
26 5 25 Inf Inf 9 15 Inf 22 4
11 2 8 2 3 3 Inf 6 Inf 8
31 3 3 5 Inf 23 18 17 27 13
50 44 44 24 19 Inf 16 Inf 15 43
102 7 99 36 88 100 Inf 27 11 62
46 7 45 3 40 36 14 8 6 28
35 4 7 17 6 26 4 14 21 35
40 30 11 39 2 1 15 24 Inf 35
2 1 2 2 2 2 2 1 1 1
1 Inf 1 1 1 1 1 1 1 1
3 2 3 2 Inf 1 2 3 1 1
13 10 2 9 3 2 11 3 9 8
16 13 4 2 6 10 3 1 4 9
25 17 Inf Inf 18 1 11 18 16 17
21 16 11 9 21 8 16 6 4 12
43 29 7 29 31 1 43 9 4 7
30 28 1 21 19 16 12 26 11 29
83 79 Inf 33 13 10 22 82 45 24
89 67 41 Inf Inf Inf 24 24 63 84
56 21 Inf 55 34 4 49 23 10 43
59 50 3 9 16 23 13 7 Inf 3
43 18 34 6 20 9 16 27 40 8
11 8 11 5 Inf 6 8 5 6 6
26 Inf 16 23 12 Inf 3 23 Inf 2
44 Inf 13 4 Inf 35 4 40 16 14
121 41 38 66 85 112 3 109 107 114
38 7 Inf 5 1 7 Inf 4 Inf 27
68 12 68 61 63 23 7 24 50 40
22 16 9 9 11 Inf 6 7 14 5
7 Inf Inf 2 3 6 3 Inf 6 3
16 5 10 11 9 8 Inf 6 8 8
32 30 2 20 9 32 32 27 14 14
25 15 9 Inf 7 8 11 23 22 3
27 2 5 5 25 24 4 Inf 24 2
156 135 94 9 Inf 63 99 42 Inf 43
28 10 23 4 7 27 15 4 Inf 6
15 8 8 11 6 3 4 13 9 4
26 18 4 19 8 1 25 19 13 5
18 8 10 6 16 16 5 16 2 4
72 Inf 8 Inf 61 61 66 58 42 59
23 9 17 2 16 10 4 12 22 15
27 Inf Inf 3 23 8 19 20 2 25
1 2
1 41
1 69
1 70
2 3
3 4
3 68
4 6
4 7
5 6
5 24
5 30
6 8
7 8
8 12
9 10
10 11
11 12
12 13
12 14
13 23
14 23
15 16
16 17
16 18
17 19
18 19
19 20
19 22
19 57
20 21
21 23
22 23
23 25
23 31
23 33
24 25
25 26
25 27
25 28
25 29
26 35
27 35
28 35
29 35
30 31
31 32
32 35
33 34
34 35
35 36
35 44
35 48
35 51
35 53
35 56
35 60
35 61
35 62
36 37
37 38
38 39
39 40
40 42
41 42
42 43
43 50
44 45
45 46
46 47
47 50
48 49
49 50
51 52
52 54
53 54
54 55
57 58
58 59
59 60
61 65
62 63
63 64
64 65
64 66
64 67
