100
845	759	Inf	691	863	522	734	730	843	710	826	609	696	579	584	525	693	847	818	Inf	629	775	762
552	391	460	568	556	536	377	550	445	376	569	462	516	396	683	463	487	449	429	632	658	522	475
127	139	162	152	98	156	147	130	85	Inf	104	128	128	88	163	133	166	129	83	150	159	Inf	93
163	166	Inf	103	103	192	Inf	130	122	175	168	114	107	118	125	Inf	116	147	106	165	152	199	189
239	452	368	351	372	311	308	348	348	257	280	254	399	256	272	358	401	390	259	403	243	371	259
152	99	157	163	103	95	155	170	165	97	170	137	113	91	137	Inf	154	133	114	148	135	153	107
770	602	700	Inf	822	726	830	737	546	710	592	752	Inf	607	576	643	859	578	869	897	710	789	561
324	337	233	391	282	Inf	316	257	267	238	366	352	358	360	381	418	382	330	378	367	272	253	221
906	677	1136	609	728	Inf	842	1136	901	Inf	1155	784	748	1067	1051	1001	875	1063	Inf	1150	Inf	767	938
61	48	77	75	62	45	50	52	52	44	Inf	56	61	79	60	49	65	46	62	55	54	56	78
173	196	298	270	315	206	215	283	Inf	195	164	183	183	161	169	174	Inf	251	Inf	212	230	212	274
Inf	140	210	193	221	228	154	177	179	158	Inf	158	Inf	228	163	214	235	135	164	136	Inf	226	143
103	159	108	104	122	81	Inf	129	87	139	121	95	85	89	155	139	103	138	112	115	125	136	125
396	326	284	392	465	348	360	240	337	338	296	354	303	397	286	463	355	285	465	460	431	424	356
108	101	Inf	89	103	160	160	149	132	97	124	137	147	142	100	86	146	122	137	85	90	88	115
215	208	274	251	248	159	205	290	205	185	195	241	252	280	Inf	215	239	151	211	164	210	263	250
50	44	45	59	Inf	66	55	64	49	67	48	41	48	59	44	43	68	59	51	63	70	42	35
Inf	151	96	147	95	92	100	111	135	113	117	149	133	88	83	144	139	Inf	80	Inf	78	107	Inf
238	158	217	282	169	Inf	247	Inf	242	211	Inf	230	162	251	148	233	Inf	285	255	170	249	157	252
336	475	652	570	635	458	399	444	374	395	399	522	651	588	332	552	503	467	623	404	445	451	348
99	134	81	96	129	139	Inf	95	113	99	74	122	91	85	99	73	112	112	101	142	107	89	112
515	525	418	515	337	443	443	334	417	326	550	401	458	497	398	Inf	499	468	409	541	410	553	504
715	Inf	760	804	Inf	530	625	836	886	835	819	688	759	716	548	Inf	747	Inf	661	576	715	510	589
195	197	147	136	Inf	224	174	155	Inf	176	203	136	216	215	124	182	224	190	144	125	148	226	146
660	370	679	557	524	470	421	505	391	467	370	552	373	380	639	362	Inf	516	619	544	520	Inf	Inf
402	559	600	378	366	379	695	494	466	494	691	568	577	649	Inf	Inf	491	363	548	649	714	532	Inf
210	251	140	230	172	142	202	137	257	134	Inf	153	192	Inf	250	238	210	169	171	Inf	145	251	186
454	425	619	370	513	571	392	381	492	416	Inf	593	368	Inf	529	539	598	452	587	Inf	478	510	565
702	382	539	384	445	432	648	491	594	670	653	661	Inf	403	605	431	705	695	364	675	430	363	546
165	Inf	117	156	143	153	103	127	148	Inf	98	162	116	160	124	145	89	129	Inf	100	161	146	103
79	134	144	91	139	85	101	125	145	Inf	104	118	97	138	87	99	79	88	90	99	112	140	77
Inf	770	713	906	495	Inf	Inf	581	887	545	510	954	582	801	Inf	728	619	782	613	492	769	752	865
367	Inf	568	446	404	601	474	Inf	604	374	422	317	397	533	415	586	502	546	387	Inf	Inf	343	514
298	427	441	378	415	351	403	432	235	384	379	233	Inf	346	392	251	232	Inf	334	371	335	406	395
142	107	201	164	146	211	122	Inf	188	207	122	Inf	197	142	Inf	120	207	212	120	121	192	Inf	166
697	718	682	699	425	664	771	726	Inf	573	773	604	522	647	793	704	507	577	685	660	721	683	492
365	335	467	506	562	549	335	Inf	480	624	434	358	Inf	Inf	489	337	530	522	560	515	566	Inf	621
709	650	817	Inf	738	Inf	1089	1076	899	917	579	1038	608	873	1041	683	1003	859	753	1018	796	552	Inf
34	48	41	38	62	58	46	47	45	Inf	55	31	50	33	61	50	60	43	41	33	60	49	62
76	106	124	90	80	Inf	117	67	119	82	122	123	63	75	63	120	66	126	126	86	86	79	71
269	Inf	Inf	234	456	Inf	Inf	300	336	459	345	394	360	Inf	338	373	457	428	408	261	269	376	438
373	573	546	567	597	Inf	517	504	366	484	448	400	546	457	569	531	427	372	365	534	352	616	421
229	284	213	Inf	195	245	210	304	330	259	334	320	323	341	300	340	249	Inf	287	278	339	307	187
261	283	330	232	251	223	Inf	280	Inf	213	274	352	Inf	356	245	Inf	Inf	248	304	Inf	240	327	306
524	614	431	446	855	444	747	768	561	707	487	460	804	452	Inf	825	822	665	848	512	855	698	507
105	138	188	178	208	186	129	Inf	185	Inf	Inf	157	184	148	204	187	191	Inf	118	147	142	121	135
121	98	80	88	126	146	123	106	Inf	97	113	116	129	141	Inf	95	85	Inf	103	Inf	129	80	124
176	121	199	189	Inf	157	177	135	179	148	161	204	173	119	103	130	132	153	122	133	204	203	148
290	242	227	174	174	193	249	180	Inf	294	194	264	167	216	297	214	290	262	244	195	176	295	224
252	359	255	196	268	358	253	232	255	288	203	286	313	240	288	284	285	288	191	335	350	200	357
Inf	161	Inf	215	244	155	241	124	209	165	196	132	Inf	147	129	217	194	217	185	166	141	152	217
589	Inf	557	604	658	863	448	852	530	656	448	593	853	433	773	Inf	626	545	Inf	559	700	438	758
544	598	807	594	801	721	868	673	Inf	483	661	717	731	544	591	862	808	865	671	743	680	728	533
439	665	457	Inf	628	595	633	629	650	588	775	746	588	802	554	552	779	654	771	686	816	Inf	635
663	405	543	463	511	527	661	435	646	406	574	701	703	490	709	680	630	613	542	515	724	Inf	574
591	478	523	332	459	400	474	451	562	364	490	Inf	416	442	Inf	448	445	564	523	573	429	344	563
332	548	460	363	Inf	376	553	454	386	535	555	476	556	602	312	401	562	Inf	584	562	356	331	337
122	108	Inf	161	100	118	121	118	Inf	Inf	124	Inf	Inf	155	128	Inf	128	140	152	162	124	Inf	100
783	890	927	891	713	750	710	505	632	580	801	Inf	Inf	514	907	947	667	Inf	709	709	763	679	Inf
Inf	116	152	122	144	153	127	79	135	132	128	111	79	109	88	99	111	114	155	86	157	120	155
513	888	532	Inf	846	522	Inf	566	627	499	551	Inf	510	745	655	733	635	718	723	560	821	778	Inf
143	174	265	253	270	235	151	195	Inf	194	157	223	224	165	192	189	226	178	Inf	268	269	274	187
293	239	213	321	178	274	178	312	299	297	349	265	214	280	262	239	219	279	Inf	278	Inf	257	308
999	Inf	982	618	Inf	599	858	675	654	994	742	557	732	683	1023	747	1089	995	871	969	615	692	Inf
617	581	498	571	564	617	365	387	411	383	552	590	455	488	327	Inf	614	339	456	508	574	332	333
380	284	345	319	326	369	Inf	253	260	264	270	369	205	340	307	359	293	318	309	368	315	299	325
672	Inf	924	786	808	856	762	564	492	Inf	856	626	807	751	973	721	945	753	600	746	Inf	850	611
430	499	327	475	Inf	333	286	286	321	285	484	263	298	Inf	489	502	316	368	Inf	431	431	317	416
Inf	Inf	61	59	55	77	77	66	72	64	62	71	50	Inf	61	Inf	Inf	60	52	78	Inf	43	56
356	385	320	219	249	265	339	Inf	367	355	288	233	407	335	360	250	304	362	Inf	217	208	309	410
95	158	Inf	89	144	115	90	152	124	150	101	95	86	131	144	159	Inf	135	120	157	128	149	157
Inf	178	238	192	243	205	Inf	228	126	220	164	250	219	209	189	225	250	127	182	251	203	232	Inf
329	Inf	247	Inf	362	353	295	342	336	244	Inf	269	352	356	371	259	292	Inf	222	196	223	231	364
145	126	114	117	120	Inf	126	128	156	120	91	Inf	170	162	131	166	143	123	158	143	104	154	131
708	1017	650	1018	Inf	975	650	1002	908	999	933	Inf	817	663	640	909	801	532	821	570	Inf	870	816
177	150	108	112	199	195	109	Inf	142	120	181	187	184	130	173	172	124	Inf	192	175	178	Inf	172
237	318	200	171	Inf	257	Inf	236	Inf	190	227	176	Inf	305	202	209	233	328	312	236	183	198	212
60	103	85	90	106	60	60	112	90	Inf	70	105	77	Inf	Inf	98	96	112	71	77	115	63	72
133	172	132	117	211	166	122	134	114	169	149	194	222	Inf	160	216	168	139	197	Inf	131	132	173
320	350	443	Inf	397	367	336	252	325	401	416	228	302	Inf	441	367	439	351	402	333	350	Inf	271
168	211	127	188	139	132	140	118	120	221	214	133	182	134	176	146	128	200	148	114	208	138	146
368	283	369	298	332	366	317	321	261	237	440	266	254	376	364	412	327	299	Inf	415	329	279	317
156	124	187	Inf	Inf	115	192	164	145	120	112	120	204	154	112	187	164	189	196	170	Inf	142	164
88	118	Inf	98	124	110	106	124	126	108	88	119	83	117	70	93	75	87	106	Inf	Inf	80	Inf
48	59	45	40	54	62	60	40	63	37	59	54	35	35	37	55	63	32	38	51	56	62	Inf
245	219	174	239	129	183	205	178	220	218	169	190	217	140	186	211	178	150	211	204	150	131	133
453	326	369	334	297	292	324	365	334	395	Inf	302	476	459	443	494	317	421	489	511	301	283	303
373	423	303	359	388	353	277	383	408	235	Inf	407	377	316	329	213	395	378	386	358	351	284	270
91	95	118	130	116	132	132	128	144	92	103	Inf	90	130	125	148	90	76	124	88	79	115	108
334	275	185	Inf	280	247	261	Inf	293	206	245	355	236	335	253	319	Inf	251	194	238	187	242	341
543	328	510	424	457	339	345	373	440	321	321	Inf	576	Inf	408	534	Inf	534	491	374	357	551	311
276	248	Inf	Inf	313	396	365	263	232	251	268	326	236	352	390	332	Inf	366	388	311	336	342	345
176	159	126	142	164	171	164	174	179	219	123	163	160	117	141	202	213	214	177	183	171	218	140
Inf	557	438	370	362	Inf	402	369	349	505	551	589	419	483	461	572	554	388	517	376	577	Inf	513
Inf	653	535	611	996	604	823	752	761	786	851	544	532	889	824	758	542	597	817	836	555	891	745
401	316	363	210	214	375	212	Inf	318	394	301	314	242	369	Inf	391	229	330	331	315	230	252	380
Inf	Inf	788	759	775	895	994	Inf	941	Inf	872	580	731	748	995	673	737	730	Inf	Inf	852	516	701
87	124	92	97	81	103	71	113	71	82	84	70	81	104	79	91	Inf	87	84	72	Inf	71	70
464	528	Inf	549	533	640	536	363	549	417	623	Inf	552	540	529	618	596	609	652	452	703	663	462
145	136	156	191	183	115	154	118	120	147	Inf	181	191	199	Inf	112	111	185	106	113	139	181	120
1 22
2 39
3 17
4 18
5 19
6 12
7 10
7 13
7 20
8 16
8 21
9 11
9 14
9 15
10 22
11 22
12 22
13 22
14 22
15 22
16 39
17 23
18 23
19 27
20 25
20 28
20 32
20 33
21 24
21 26
21 29
21 30
21 31
22 34
22 35
22 36
22 37
22 38
23 39
24 39
25 39
26 39
27 41
28 40
30 42
31 43
35 52
35 53
35 69
36 55
39 44
39 45
39 46
39 47
39 48
39 49
39 50
40 51
42 54
45 59
49 61
50 62
51 58
52 56
53 57
54 60
56 63
57 64
58 65
60 67
60 68
60 69
61 66
63 73
64 71
65 70
66 72
68 74
68 76
69 75
70 79
71 77
72 78
73 96
75 81
76 80
77 82
78 83
79 85
80 87
81 84
81 86
81 88
81 89
82 90
83 93
84 95
86 92
87 94
88 96
89 91
90 97
91 100
92 99
95 98
-1 -1

