28
70 25 17 37
59 Inf 54 42
33 4 25 1
6 Inf 4 5
1 1 1 1
27 16 18 5
17 14 9 17
62 36 2 18
31 19 20 3
53 Inf 50 2
21 7 13 7
19 6 5 4
108 71 92 38
52 12 50 Inf
5 5 2 3
8 3 7 6
97 43 70 38
8 6 6 8
47 20 23 25
67 Inf 24 39
17 Inf Inf Inf
8 Inf 6 3
3 3 3 2
21 19 11 21
107 1 45 Inf
3 1 2 1
2 2 Inf 2
72 50 59 32
1 3
1 4
1 5
1 8
1 19
1 21
1 22
1 23
1 24
1 26
2 6
2 17
3 28
4 28
5 28
6 7
7 18
8 9
9 10
10 11
10 12
11 15
12 13
13 14
13 16
14 28
15 28
16 28
17 28
18 28
19 20
20 28
21 28
22 28
23 28
24 25
25 28
26 27
27 28
-1 -1
