75
23 19 2 7 Inf 3 22 21 5 16 1
24 4 10 18 8 Inf 3 18 15 20 20
25 2 5 14 4 4 9 4 3 Inf 17
26 26 20 24 8 17 3 26 13 1 5
23 10 21 22 Inf 3 4 22 21 Inf 12
22 3 16 15 21 4 Inf 21 2 2 18
6 6 4 6 3 2 3 4 6 3 6
22 9 12 Inf 4 Inf 17 11 1 1 12
23 6 7 6 18 13 5 20 11 8 6
21 13 2 10 10 16 4 18 1 21 9
22 3 17 22 17 12 1 Inf Inf 3 7
15 10 4 13 2 11 4 15 3 1 5
5 2 2 2 1 3 4 1 4 4 4
23 17 22 Inf 18 4 8 1 7 Inf 19
4 3 Inf 2 2 3 4 1 2 2 Inf
26 8 Inf 22 Inf 17 25 21 Inf 13 18
21 Inf 11 8 14 3 3 14 1 15 5
5 5 1 2 5 1 3 1 3 1 4
24 7 22 20 9 3 7 22 9 21 24
25 Inf Inf 12 3 Inf 24 17 Inf Inf 21
26 26 22 1 5 20 2 17 Inf 10 12
26 6 16 22 25 13 Inf 5 3 10 11
24 17 2 8 24 11 10 7 15 6 Inf
27 6 Inf 14 Inf 17 Inf 5 20 15 27
20 4 13 8 15 6 7 3 19 Inf 1
23 5 8 2 3 Inf 20 19 2 18 19
25 10 6 3 25 19 24 24 5 19 4
13 12 1 1 3 12 1 5 12 12 7
3 Inf 3 3 Inf 1 1 3 1 1 3
11 3 5 7 4 4 Inf 4 11 7 3
21 4 13 10 6 21 3 5 12 21 18
22 2 Inf 11 5 Inf 14 7 Inf 8 10
21 2 3 12 14 2 16 Inf Inf 10 6
22 17 Inf 2 5 14 2 8 21 20 12
25 23 17 4 Inf 5 12 6 21 5 Inf
8 1 3 2 3 1 7 7 6 6 4
22 7 14 14 13 6 13 13 5 1 1
24 19 12 4 7 Inf 3 7 8 2 6
22 2 6 6 Inf 13 Inf 11 7 21 1
21 5 5 Inf 3 20 9 6 6 8 21
6 1 6 4 5 2 5 4 5 1 1
26 3 25 7 Inf 4 14 11 Inf Inf 24
22 9 1 15 12 9 1 Inf 22 4 Inf
6 5 1 2 2 6 1 Inf 1 6 2
21 Inf Inf 20 15 19 8 14 15 10 6
25 11 2 5 18 6 12 9 Inf 1 6
11 6 10 7 10 9 9 9 8 9 Inf
22 Inf Inf 16 15 10 11 1 4 9 Inf
21 17 18 13 12 20 9 6 Inf 14 1
25 6 8 23 4 25 1 20 8 20 4
22 Inf 8 Inf 2 18 5 21 21 16 7
22 1 Inf 13 14 21 13 8 14 6 19
23 23 Inf 19 2 3 15 22 4 5 17
22 2 8 9 13 9 1 1 4 13 6
22 3 13 10 20 15 8 Inf 18 17 11
25 Inf 15 1 20 21 3 24 14 8 6
23 4 6 8 23 23 Inf 17 4 12 1
21 20 Inf 6 16 6 2 16 3 6 1
22 19 5 9 15 6 14 14 14 11 11
22 4 8 19 3 19 17 13 11 10 1
22 13 6 21 15 14 2 18 22 10 9
22 20 4 1 20 13 10 22 8 21 10
21 16 13 1 10 5 7 Inf 11 9 9
27 1 11 11 15 4 4 7 2 9 25
23 Inf 6 5 20 11 8 3 19 23 16
2 2 1 Inf Inf 2 1 1 1 2 1
26 25 16 13 23 14 21 11 6 16 26
25 8 2 11 Inf 14 16 8 8 15 Inf
24 14 12 13 Inf 8 17 Inf 3 15 2
22 3 19 10 16 Inf Inf 2 3 9 6
24 17 16 6 3 1 1 16 14 11 9
4 2 4 2 1 Inf 3 2 1 4 3
22 Inf 13 Inf 21 7 Inf Inf 13 10 Inf
10 3 3 1 8 3 5 10 8 1 9
25 1 22 4 1 10 18 18 8 10 Inf
1 2
1 3
1 4
1 5
1 6
1 7
2 15
3 13
3 24
4 8
4 14
4 16
5 12
5 15
6 9
6 10
6 11
6 13
9 20
9 24
10 18
12 19
13 22
15 17
15 20
15 23
16 21
16 26
17 30
18 26
18 30
20 27
21 33
24 25
25 28
25 30
25 33
25 34
26 31
26 32
26 41
27 29
27 35
27 36
31 37
31 39
32 44
32 45
33 41
35 38
35 42
36 40
36 43
39 51
40 46
42 47
43 48
43 50
46 51
46 48
47 49
47 50
47 52
47 53
49 59
49 61
49 62
50 54
50 55
50 60
50 62
52 56
52 57
53 58
55 63
58 65
59 64
59 66
62 67
66 68
68 69
68 70
68 71
68 72
68 73
68 74
68 75
-1 -1
