300 5
study 1 0
147189 147189 147189 147189 147189
3302.1 2190.69 1663.26 3903.22 1724.63 2839.75 3856.52 1623.04 3586.91 1594.81 2488.07 1108.21 3506.56 1274.13 2765.88 2615.03 2882.72 2901.13 3848.33 1474.69 3351.19 2860.38 1597.94 3635.11 1751.46 2620.56 1788.67 3147.95 3332.71 2986.68 1645.6 2724.6 1193.46 2502.91 3199.21 3490.55 3105.39 1258.87 2829.5 2844.45 2352.24 1343.61 1873.1 2614.83 1382.56 3153.96 3064.01 2072.61 2145.21 3092.03 2935.56 1688.99 2099.16 2409.13 2888.51 3957.47 1296.47 1075.54 3106.35 2160.65 2581.65 1573.45 3820.96 3303.44 2693.61 2557.67 3392.62 1097.4 2225.23 1154.83 1157.87 1907.02 1027.86 3823.49 2692.98 1779.22 3785.38 3206.57 3707.9 2076.34 1546.36 1113.28 2037.26 2677.55 2590.24 1598.87 3766.11 1273.33 2066.24 1924.2 1584.78 3648.59 2940.53 3814.05 1185.09 3317.15 1234.92 1614.88 3465.36 3188.21 1990.56 2203.11 3509.27 2722.16 1539.14 3613.97 1342.52 2549.83 2697.44 1483.25 2765.25 3550.3 3832.64 1934.82 1486.67 1918.15 1229.84 2911.78 1989.27 1738.77 1715.4 2444.6 1365.31 3054.94 2570.69 2324.38 1853.46 2201.17 2043.41 1498.15 3342.94 2257.79 2070.59 2735.37 2085.94 2813 3878.61 2590.12 1525.54 1949.26 3254.54 3624.85 1450.06 3322.9 2230.34 3031.36 1808.79 1087.31 1881.95 1352.34 1999.52 2256.89 1263.26 2005.57 2967.8 2828.67 2843.97 1878.2 2673.52 2168.85 2968.9 3004.18 1772.03 2282.81 1891.28 1750.49 3324.74 1637.62 2352.8 1660.93 3145.86 3142.27 3518.67 1195.78 3302.89 1893.95 3623.74 1942.61 3041.09 1690.81 2567.27 1807.69 3506.7 1307.65 1780.92 2286.09 2516.41 2172.16 1407.75 2653.53 2861.82 1110.31 1422.91 2232.28 2646.06 2305.89 3059 2035.07 2940.55 2529.52 3670.86 3160.04 3157.16 3455.45 2381.17 3565.73 2329.07 3659.48 3188.65 1076.13 1683.06 2822.64 1580.35 2763.38 2963.09 1420.9 1976 3901.61 2963.78 3662.85 3871.95 1844.53 2542.61 2909.58 2357.34 3333.77 1173.88 3430.78 2055.38 1755.25 1070.27 2134.81 2469.44 3342.7 3434.55 3013.79 2319.58 2055.7 2190.94 3890.52 2861.19 1778.34 3456.29 3852.45 3091.44 3701.23 1511.86 3995.55 1047.46 2900.06 1101.51 3527.77 3942 2229.82 2432.93 1686.83 1020.83 2319.22 1672.05 2521.63 1816.14 2941 1011.54 2110.46 2856.51 2545.79 1080.27 2581.2 3720.03 2268.89 1732.94 3975.55 1291.82 2781.98 3699.26 2145.19 2504.25 1358.12 1317.5 1742.88 3051.78 3102.51 3759.67 1197.72 2099.88 3434.71 2685.47 3688.93 1744.39 3918.34 3967.85 1463.68 1474.04 1264.18 3895.2 1924.8 3299.78 3203.52 1644.43 3130.26
1 0 3 2 3 1 4 3 3 4 4 3 4 0 3 3 2 4 0 4 0 4 4 3 2
1 1 0 2 1 1 0 0 4 1 3 1 4 1 0 4 3 2 4 4 4 0 2 4 4
1 1 3 1 3 4 3 1 1 3 0 3 0 0 0 2 2 0 3 0 4 1 0 4 0
3 2 3 0 2 2 0 1 2 0 4 0 0 1 3 1 4 1 1 4 0 2 1 3 4
1 0 2 2 3 1 0 2 0 2 0 1 3 2 3 4 4 1 3 4 2 1 2 4 1
4 0 2 1 4 0 3 1 1 4 0 4 4 4 2 0 2 1 0 3 4 4 1 3 1
4 2 0 1 3 4 3 1 0 3 0 0 3 0 0 0 3 0 3 4 4 4 1 3 2
3 4 1 0 4 3 4 2 0 2 4 1 0 1 3 2 4 3 2 4 3 2 3 1 0
4 0 3 4 2 1 4 2 0 0 1 2 4 4 4 4 4 0 4 4 3 2 1 2 0
2 1 0 3 3 2 4 1 0 2 3 3 1 4 4 2 2 1 1 4 2 1 0 0 4
4 4 2 3 4 1 4 2 2 2 4 2 2 1 3 1 2 3 1 4 1 4 1 3 4
1 0 0 4 4 4 1 2 2 3 2 2 4 1 0 3 3 2 1 1 0 3 2 0 1
1 2 4 1 1 1 3 2 3 0 4 1 0 3 3 1 1 4 4 1 0 3 1 4 3
3 2 3 1 0 2 2 0 1 3 3 1 3 4 0 1 3 4 4 3 1 4 2 2 1
1 4 0 2 0 1 0 1 0 4 2 2 3 4 2 2 4 2 3 0 3 3 1 1 0
4 1 3 0 2 1 0 1 1 2 1 2 1 3 4 3 1 2 0 2 1 0 3 3 1
4 2 1 2 2 2 1 4 4 0 4 0 4 0 1 4 3 1 1 2 3 3 2 4 0
3 4 2 1 2 3 0 2 0 0 0 2 2 2 1 0 0 2 0 4 2 4 0 3 3
3 0 3 1 0 3 0 3 4 1 1 1 4 3 1 0 1 3 3 0 1 3 4 2 2
3 1 3 2 3 3 4 1 4 0 2 2 4 2 0 2 1 0 2 4 2 0 0 2 0
1 1 1 3 1 0 4 0 3 0 3 2 4 0 4 1 3 0 0 1 0 4 1 2 3
4 0 1 2 1 3 3 0 0 2 1 3 4 2 2 2 3 3 2 2 1 2 1 0 2
3 0 0 3 4 2 1 2 1 4 2 1 2 1 4 2 3 3 1 4 3 0 0 3 3
1 4 4 0 2 0 2 0 3 3 4 4 1 4 4 4 1 4 1 4 1 1 4 0 0
1 0 2 1 2 1 3 2 0 4 4 1 4 3 2 3 0 1 1 0 1 1 3 1 3
2 4 3 3 3 1 1 2 0 2 1 1 3 1 3 2 4 2 4 1 4 1 0 3 2
2 2 2 3 1 2 1 0 1 1 2 1 1 1 4 4 2 1 3 0 1 0 4 4 1
4 1 0 1 0 1 3 0 1 3 3 1 1 4 1 0 3 2 1 0 0 3 2 3 2
4 1 0 0 2 3 3 4 0 1 2 1 1 0 4 1 0 2 3 1 3 2 2 0 1
4 4 1 0 2 1 0 1 2 4 3 0 0 3 1 1 1 1 1 1 4 3 1 0 2
0 1 3 0 1 2 4 4 1 4 2 3 4 3 0 0 3 3 4 4 0 4 1 4 2
0 2 2 4 4 1 4 2 1 1 0 1 0 0 3 2 1 0 0 2 1 1 3 3 2
4 0 0 1 3 0 0 3 2 1 0 3 4 4 0 0 2 4 2 1 0 0 2 3 0
0 3 2 2 0 1 1 2 0 2 2 2 4 4 3 1 0 0 1 3 4 0 3 3 0
3 2 2 1 3 2 4 1 0 4 3 1 0 0 2 1 2 0 1 2 4 1 1 1 4
1 2 2 2 1 3 3 4 2 2 0 1 3 4 2 3 0 0 1 3 3 0 4 3 0
1 1 3 4 0 3 2 2 0 3 3 3 2 4 4 3 3 2 1 1 4 4 3 3 2
1 4 0 1 2 0 3 4 3 0 4 4 2 0 4 2 0 1 0 2 0 2 3 1 4
1 2 4 4 2 1 2 0 0 3 2 3 3 1 0 0 3 0 1 3 4 1 2 0 1
0 2 4 0 3 1 3 2 0 4 2 0 0 0 4 4 0 2 3 2 1 0 0 0 4
3 0 2 3 3 1 1 2 1 3 4 1 2 2 0 0 1 3 3 0 1 0 4 2 0
4 0 0 0 0 4 1 3 4 3 0 2 4 0 4 0 2 4 1 3 4 0 2 2 1
3 0 1 1 2 1 2 4 3 1 3 3 0 0 0 2 0 1 3 2 0 4 2 4 3
0 1 3 2 2 3 1 4 3 0 0 0 4 4 2 1 1 2 3 2 3 0 3 0 4
4 3 3 0 0 1 2 3 1 0 4 3 2 1 2 2 4 1 2 4 1 2 4 3 1
0 4 0 2 4 3 0 4 0 0 2 3 4 2 1 0 4 4 0 2 4 2 0 3 1
3 0 0 1 3 1 2 3 2 0 2 4 0 4 2 4 2 1 1 2 1 3 3 4 2
3 4 4 4 3 0 1 0 4 3 1 2 2 4 0 3 0 4 0 3 2 1 3 3 3
4 4 0 2 0 3 3 1 3 1 3 2 0 2 2 2 2 4 4 2 3 0 3 0 4
2 3 0 3 1 3 4 2 0 0 2 1 4 3 1 3 4 4 4 0 0 1 2 2 2
1 1 4 3 2 2 2 1 3 4 2 4 1 1 2 2 0 0 0 0 2 4 3 1 2
2 3 2 2 1 0 3 3 3 1 0 4 2 1 4 4 3 3 1 4 3 3 2 4 3
4 4 4 1 3 1 1 1 4 0 4 1 0 0 4 3 3 3 0 2 4 4 4 4 4
3 3 4 4 4 0 1 0 4 3 1 0 1 4 2 4 4 4 1 2 0 2 4 4 3
2 2 2 4 3 4 2 4 1 3 2 2 1 1 3 3 1 2 3 2 4 0 4 2 4
0 1 1 0 3 2 3 2 0 0 1 1 1 0 1 2 4 1 1 4 1 1 2 2 4
2 3 1 3 4 3 0 0 3 0 4 3 1 0 3 0 3 1 2 0 2 4 2 0 1
0 0 3 2 0 1 3 1 0 0 1 4 2 4 1 1 0 1 0 1 3 1 3 1 1
3 4 4 0 0 4 3 3 2 4 0 3 4 1 2 0 3 0 2 1 2 3 4 1 0
4 0 4 0 3 4 0 1 4 1 3 3 2 1 0 2 3 3 2 3 1 3 4 2 4
0 0 1 2 1 1 0 4 0 3 0 0 2 1 1 1 2 0 2 4 3 3 4 2 2
2 3 3 3 1 4 4 0 1 3 2 1 0 2 0 3 4 3 1 2 4 2 4 0 2
1 1 1 4 0 3 0 2 3 0 0 2 0 3 1 1 2 1 0 0 1 4 3 4 0
4 0 0 3 0 3 1 3 3 1 3 1 2 2 1 2 4 1 2 4 0 4 0 3 4
0 2 1 2 2 3 1 0 1 4 2 2 1 4 1 3 3 3 4 0 3 1 2 3 3
0 2 0 0 2 3 3 3 4 2 3 4 2 2 2 4 4 0 3 0 4 3 0 2 2
3 2 3 1 1 0 3 2 2 4 2 1 1 0 3 2 1 2 4 1 2 0 3 2 4
4 0 1 0 1 2 0 3 0 4 1 1 3 0 2 1 0 4 3 4 3 0 1 3 3
3 2 4 0 2 0 4 1 3 0 3 4 4 2 3 2 0 3 1 4 1 0 2 2 3
3 0 3 4 2 4 2 0 1 0 0 1 3 4 4 4 3 1 0 4 3 4 4 3 3
0 3 0 3 4 4 2 0 4 0 0 0 0 4 1 0 2 2 3 3 0 4 0 3 2
3 1 3 0 1 3 4 4 3 3 2 3 3 1 3 3 1 1 4 2 0 1 2 2 3
1 2 4 0 0 2 2 0 3 2 0 2 4 2 2 0 2 3 2 3 3 2 3 3 1
3 2 1 0 4 4 0 4 1 3 0 3 1 0 3 1 1 0 2 2 3 4 2 1 3
3 4 2 2 4 1 0 4 3 0 0 3 0 3 4 0 1 3 3 0 0 3 0 4 4
2 3 2 4 3 2 1 3 4 3 2 2 2 3 4 2 4 4 1 2 0 2 4 1 2
4 2 2 1 2 1 3 3 4 1 0 1 2 3 4 0 4 1 1 3 2 1 1 3 3
1 0 1 0 2 2 4 3 1 4 0 0 3 3 3 2 4 2 2 2 2 3 0 1 3
0 2 3 2 4 2 3 3 3 4 4 1 3 4 2 4 3 0 0 2 0 4 3 0 1
3 0 0 2 1 3 3 1 4 4 2 0 2 1 0 2 3 1 3 3 2 2 4 2 2
3 3 2 1 1 0 2 4 4 1 1 4 3 0 0 3 2 2 2 1 3 2 3 3 2
1 1 1 1 3 4 0 4 2 0 1 0 1 0 1 3 4 1 3 4 2 4 4 1 4
2 3 3 2 3 1 2 2 3 1 3 4 1 0 1 1 1 0 2 1 2 1 3 1 0
1 4 2 0 0 3 2 4 1 2 4 3 3 0 2 3 1 1 4 1 2 2 0 1 1
4 1 0 4 4 4 0 4 1 3 1 2 0 3 0 1 2 1 4 4 1 1 3 4 3
0 0 4 2 1 4 1 1 4 4 3 1 3 2 2 0 2 1 0 1 2 1 3 3 0
2 4 2 1 1 2 1 0 0 3 2 2 4 1 0 1 2 0 3 4 3 3 3 0 4
3 2 2 2 3 3 4 1 3 0 4 0 4 2 0 4 3 4 3 4 2 1 3 2 4
4 3 3 0 4 3 1 1 0 3 2 1 1 2 1 0 1 3 3 3 1 4 4 3 0
2 2 3 3 3 2 2 0 0 4 4 3 1 1 3 1 0 2 3 0 0 0 4 1 2
3 0 2 1 3 4 4 3 3 1 0 4 4 3 2 1 3 4 0 1 1 0 0 1 3
1 1 4 4 1 2 1 2 0 2 2 0 2 3 1 1 0 2 1 0 4 0 4 3 0
1 4 3 2 4 2 3 2 2 0 4 2 1 3 1 4 2 3 3 3 2 4 1 2 1
1 4 4 2 1 3 2 4 4 0 1 4 2 3 4 3 4 2 0 4 3 2 1 2 3
4 2 2 3 1 1 4 3 3 2 1 3 2 0 1 3 3 4 0 2 0 0 4 2 4
0 0 2 0 4 2 3 1 2 0 4 0 0 2 0 3 0 1 2 2 0 0 0 4 4
2 0 0 3 0 4 0 1 4 1 0 3 0 4 1 3 4 0 2 3 1 2 4 1 2
0 0 3 0 1 4 2 4 0 0 2 0 2 0 0 2 0 0 2 2 3 1 0 1 3
4 4 1 2 2 0 1 3 4 1 3 2 2 2 2 0 1 0 1 4 3 0 2 1 3
2 4 4 0 0 0 4 0 3 1 2 4 2 1 1 4 4 4 4 2 0 1 0 0 4
2 2 0 0 4 1 4 0 4 1 4 4 2 4 2 4 0 3 1 4 1 4 2 4 3
4 0 0 3 2 1 2 3 3 4 3 4 4 0 3 1 4 2 0 4 0 0 2 2 0
0 1 4 1 1 2 2 4 4 4 0 0 1 3 2 4 2 2 2 0 0 2 1 3 3
3 4 3 0 4 1 0 3 0 4 2 2 0 1 0 2 2 3 1 2 3 0 0 3 0
4 4 3 1 3 1 4 3 3 1 3 1 2 3 0 4 4 0 1 2 0 1 3 2 1
0 1 1 3 4 1 3 2 0 3 4 2 3 4 4 2 3 2 2 3 2 2 2 2 2
2 2 0 4 0 0 3 3 3 4 3 2 4 1 4 2 0 3 2 1 1 4 2 4 4
4 2 4 2 4 0 4 2 3 1 2 1 1 4 4 4 2 4 2 4 2 0 4 3 3
4 1 0 3 3 4 2 0 0 4 0 4 1 0 0 3 2 2 4 4 1 0 3 2 2
4 0 2 4 2 0 1 2 1 0 3 4 2 3 1 1 1 4 2 4 2 1 2 2 1
3 1 2 4 2 4 2 4 4 1 2 0 1 4 4 3 4 3 0 0 2 2 0 2 0
4 2 0 0 2 2 3 2 4 2 1 2 2 3 2 1 4 2 0 1 2 2 1 2 0
4 0 3 2 0 0 4 4 4 0 1 3 4 3 1 4 2 2 0 0 0 4 3 4 1
3 3 2 0 4 3 0 1 2 1 2 0 2 0 3 2 2 1 2 1 4 4 3 3 0
2 1 4 4 4 1 2 2 1 1 0 0 3 2 0 2 3 4 2 2 3 4 3 0 4
2 4 3 3 4 2 3 0 0 4 4 4 0 0 3 2 4 2 3 2 4 1 4 2 0
3 3 3 4 2 1 2 1 4 4 1 1 1 3 3 4 4 2 0 3 2 3 4 3 1
0 2 1 3 4 2 2 3 4 4 4 3 4 2 0 0 3 0 3 0 3 1 1 0 4
4 4 0 4 3 4 2 0 1 0 1 1 2 4 4 4 3 1 2 1 3 3 1 4 0
3 1 0 0 3 1 2 2 4 2 2 2 3 1 4 1 0 4 2 0 0 2 0 4 3
1 2 0 0 2 4 3 4 4 4 1 0 2 0 0 2 3 4 3 2 2 0 3 0 0
2 0 0 1 2 1 3 1 4 0 2 3 2 0 2 1 1 0 3 1 0 2 1 1 1
3 3 4 1 3 3 4 0 0 2 1 4 2 0 2 3 0 3 1 4 4 4 4 0 2
1 3 4 1 0 3 4 4 0 3 0 3 0 2 2 1 0 3 0 3 4 2 2 1 3
2 0 4 1 3 1 3 4 3 2 3 1 3 4 1 4 3 0 1 4 0 3 4 1 0
2 0 2 2 2 0 4 1 2 2 2 1 0 0 0 2 4 2 3 2 4 4 4 3 4
4 2 3 1 1 0 2 1 3 0 1 4 0 3 4 2 1 2 3 4 0 2 0 3 4
1 0 1 0 1 3 1 0 1 4 0 2 2 0 1 0 0 1 4 0 1 0 2 2 3
4 2 4 4 3 4 0 3 4 1 4 4 2 1 4 1 3 1 3 3 4 4 1 3 3
3 0 2 1 0 4 3 0 2 1 1 2 0 3 4 1 3 3 1 1 0 3 4 0 1
4 0 2 3 4 3 2 0 3 2 4 0 2 3 4 4 0 3 3 1 1 3 1 1 1
1 1 3 2 1 1 0 3 1 4 2 1 2 3 3 0 0 2 0 3 3 1 1 0 2
4 2 4 0 1 1 4 0 3 3 0 2 1 4 4 2 4 0 2 3 4 2 3 2 1
4 2 4 3 0 0 4 1 3 0 4 2 4 0 1 0 3 1 2 1 0 4 2 1 3
4 3 2 2 0 3 3 3 2 4 1 1 0 1 0 3 1 2 3 1 4 0 2 3 0
0 1 4 4 3 4 4 3 2 4 3 1 0 4 3 4 2 3 2 4 2 0 0 0 2
4 3 3 1 4 4 3 1 2 0 1 3 3 0 1 2 3 2 0 2 0 1 3 0 2
3 1 0 0 2 3 0 3 4 4 2 2 3 3 3 2 4 0 3 4 3 1 4 2 1
3 4 4 4 3 3 3 4 2 1 2 1 4 0 0 0 2 3 3 0 1 4 0 0 3
1 0 1 1 1 3 3 2 4 1 4 1 3 3 0 0 3 2 3 2 0 4 3 0 2
0 0 4 2 3 2 1 3 2 3 4 4 3 4 4 1 2 1 1 1 3 4 4 4 2
2 1 2 1 0 2 3 3 3 4 2 3 3 2 0 2 0 3 4 0 1 2 4 3 2
4 4 2 2 0 1 3 4 3 3 4 4 1 4 0 1 1 4 3 2 3 2 0 2 1
1 4 4 3 4 4 0 3 0 1 4 2 3 3 0 4 4 1 4 2 0 4 3 1 3
1 1 3 1 0 3 2 2 4 1 3 0 2 2 1 4 1 4 0 3 1 1 4 3 4
2 0 2 4 0 2 3 2 0 4 3 3 0 0 3 4 0 3 2 0 2 2 2 1 0
0 0 3 3 4 4 1 0 4 0 4 1 2 2 0 0 2 3 3 3 1 1 4 3 2
2 4 1 4 3 2 0 1 0 4 1 3 4 3 3 3 2 4 0 1 3 2 3 2 1
2 0 1 4 1 0 3 0 1 3 3 3 1 1 2 4 1 2 3 0 1 1 2 0 2
0 0 2 1 2 1 3 0 3 1 1 0 1 0 4 2 2 3 1 0 1 4 1 1 1
1 2 1 1 3 4 2 2 4 0 0 2 0 1 1 0 3 4 2 1 3 2 2 0 4
3 1 4 1 0 3 2 3 4 2 2 0 3 2 1 4 0 2 4 0 0 0 2 3 2
4 3 4 0 2 4 2 4 2 4 0 1 1 2 1 0 0 4 4 3 0 3 0 1 4
3 0 0 3 3 4 4 4 4 2 2 2 0 4 1 0 3 0 2 4 3 1 2 0 1
0 1 0 2 1 2 2 0 1 1 1 4 1 3 0 1 0 4 4 1 1 0 0 4 2
0 2 1 0 3 3 3 3 0 1 0 0 3 3 3 2 0 1 2 0 3 1 0 0 2
3 0 0 0 2 3 4 4 2 4 2 0 3 4 1 3 2 1 3 4 0 0 2 3 3
0 3 3 3 0 1 3 0 2 4 4 1 2 1 4 2 0 4 0 3 3 1 0 4 3
1 1 2 0 4 2 1 0 3 0 2 4 3 0 1 1 2 2 4 2 1 2 1 1 2
3 0 1 1 0 3 0 3 4 3 0 2 4 2 3 4 4 2 3 3 1 1 1 0 4
2 2 4 1 2 2 1 0 2 1 0 1 4 2 3 3 4 2 3 2 0 1 4 3 1
4 4 1 3 2 3 4 2 4 3 4 1 3 4 0 2 2 3 3 1 0 4 2 2 0
4 3 0 2 0 2 1 3 4 0 3 3 1 2 4 1 1 3 1 3 3 4 0 4 4
2 1 0 3 2 1 2 4 3 2 1 3 2 2 4 3 2 3 3 0 3 3 3 0 0
4 0 2 1 0 4 4 0 2 4 3 3 4 0 0 3 4 2 1 1 1 4 4 3 3
0 1 3 0 1 1 1 0 1 4 4 0 3 2 1 2 3 4 2 3 4 2 1 4 3
2 4 3 1 4 1 3 3 3 1 0 1 4 2 4 4 3 2 4 0 1 1 3 2 3
2 4 4 1 0 4 3 0 2 3 3 2 4 1 4 2 0 4 0 2 2 1 0 4 3
3 4 0 0 3 0 0 3 2 0 1 0 0 0 1 4 4 4 4 4 0 1 4 4 4
1 1 0 1 3 3 3 2 1 2 2 1 2 4 4 0 4 4 0 3 2 1 1 3 4
3 0 4 0 1 2 3 2 0 2 4 1 2 1 2 4 3 2 0 2 2 4 0 2 2
3 0 1 1 1 4 3 1 4 3 3 2 2 0 1 2 1 3 4 2 0 1 4 2 1
2 1 2 3 2 3 0 4 0 4 0 3 4 2 4 2 2 3 4 4 3 1 3 1 1
4 4 4 4 4 0 0 4 4 0 3 0 2 2 0 0 4 3 2 2 1 1 1 1 4
3 1 3 2 3 2 0 1 1 2 2 0 0 4 2 3 0 4 1 4 4 2 1 3 3
4 3 4 1 1 4 0 2 3 1 4 3 0 1 3 1 3 3 4 1 4 1 1 3 3
1 4 0 2 4 3 0 3 4 4 4 1 2 4 4 4 4 0 4 4 2 3 1 0 4
1 4 0 0 4 2 4 0 0 3 1 2 1 1 3 1 4 1 4 1 0 1 4 3 2
3 3 3 0 2 1 2 4 0 0 4 0 3 3 0 0 3 3 4 0 3 1 4 4 0
2 2 2 0 4 3 1 0 2 4 3 1 0 1 3 0 2 3 1 1 4 1 2 1 3
2 3 3 3 1 1 2 4 1 0 3 1 3 2 3 3 2 3 4 3 4 1 2 0 1
0 2 1 4 2 2 1 4 1 3 4 2 0 2 0 4 0 4 0 2 0 3 3 1 0
2 2 2 1 0 4 2 3 1 1 4 1 4 4 1 2 0 3 3 0 1 4 4 4 1
0 1 4 4 0 4 0 0 1 0 3 0 4 1 0 2 1 1 3 4 3 1 1 2 0
3 4 2 0 4 1 1 4 0 1 4 4 1 2 1 0 1 3 1 3 0 3 2 1 2
0 1 2 2 4 3 2 1 2 1 1 3 1 4 0 3 4 2 3 2 0 0 0 0 0
2 3 1 3 0 2 4 2 2 1 1 2 0 4 3 1 2 1 2 1 1 1 2 2 3
0 4 0 2 4 3 4 4 3 3 4 4 4 1 4 1 0 0 4 0 3 4 1 1 2
0 1 4 2 1 0 4 3 0 4 1 0 2 2 4 4 2 0 4 3 4 1 2 2 4
3 0 4 2 4 3 2 1 2 1 2 0 3 0 0 0 0 4 3 0 0 3 1 0 0
0 4 1 4 2 0 0 1 3 3 1 2 4 4 0 0 3 2 2 4 0 0 4 4 1
1 3 3 0 2 3 4 4 2 3 4 2 0 4 3 2 4 1 1 0 0 1 0 3 3
1 1 3 2 0 0 4 3 1 2 1 2 3 0 0 0 4 2 4 0 1 1 2 0 1
3 2 3 4 4 1 3 0 1 0 0 4 4 2 0 3 2 2 1 2 1 4 4 4 4
1 4 3 1 3 2 2 2 0 1 1 1 1 2 0 1 4 1 2 2 0 0 0 3 2
3 0 4 3 1 1 2 4 4 3 1 3 4 1 4 3 4 1 0 1 0 3 0 0 0
1 2 4 4 3 0 3 4 4 1 1 4 0 3 1 3 3 4 4 4 4 1 3 2 4
1 1 2 1 0 1 2 3 1 0 4 1 4 2 2 1 1 0 4 4 3 2 4 4 3
3 1 2 4 1 4 0 3 4 4 1 3 0 3 2 3 1 1 3 4 3 0 4 4 2
4 2 2 0 4 2 4 1 2 4 0 1 1 0 0 2 4 2 3 2 0 2 3 4 1
0 2 1 0 3 4 2 4 4 1 2 1 4 3 4 1 1 0 1 0 1 4 0 2 3
2 3 3 2 2 0 0 1 3 4 4 1 0 3 0 0 3 0 1 3 0 4 0 3 2
3 4 1 2 1 1 2 2 0 0 1 0 3 2 2 2 3 1 0 3 4 0 2 4 4
0 3 3 0 3 1 3 4 3 2 4 2 1 2 4 3 0 3 1 3 0 4 1 0 4
1 1 4 0 2 0 2 2 3 3 4 4 4 2 0 0 3 4 4 2 1 0 4 4 1
2 2 4 2 3 2 3 4 3 4 4 1 4 0 1 0 4 1 4 0 0 1 4 3 3
0 1 1 3 0 2 4 4 0 2 1 1 4 3 4 3 1 1 2 1 3 0 1 4 0
3 3 3 0 0 3 3 0 0 4 4 0 2 3 1 3 1 2 2 2 4 1 2 0 4
0 0 1 0 1 1 3 1 0 0 2 1 2 2 0 2 2 2 1 2 3 2 2 1 2
4 4 0 4 4 2 0 0 3 2 0 2 4 4 3 0 3 3 2 0 3 0 3 1 1
1 1 1 2 2 3 2 2 1 0 1 0 3 1 1 0 2 3 4 4 3 1 2 4 2
2 4 0 0 3 1 1 2 2 0 1 2 3 3 4 4 0 4 0 1 0 4 2 3 1
1 3 3 1 2 0 0 1 2 3 0 2 3 0 1 4 3 3 4 0 2 3 4 1 4
1 3 3 4 3 2 2 3 2 3 3 1 3 3 2 2 1 4 1 0 4 2 3 0 4
0 1 4 2 3 4 4 4 1 2 1 2 3 0 2 3 1 0 1 3 2 4 1 1 1
3 0 0 0 1 4 2 1 1 4 0 1 1 1 0 2 1 1 2 1 2 2 2 2 2
3 2 0 2 2 1 1 1 1 1 3 4 4 4 3 1 0 2 0 2 4 0 3 0 1
0 4 4 2 2 3 3 0 2 0 3 3 4 4 2 4 3 4 1 2 1 1 3 3 2
4 2 1 4 2 2 3 2 1 0 1 3 2 0 0 2 2 2 0 2 2 4 4 0 3
2 4 3 3 4 1 3 2 4 4 2 0 1 1 4 1 3 3 1 4 1 3 1 4 3
4 1 1 0 2 2 0 0 0 0 2 1 3 0 4 4 3 4 3 0 4 2 2 1 2
1 2 3 3 2 1 0 0 3 0 4 2 2 1 0 1 2 2 4 2 1 4 3 2 2
1 4 3 3 4 4 1 1 2 4 3 2 3 2 4 0 0 2 0 4 4 3 0 2 3
4 2 4 0 1 4 0 0 4 4 2 0 1 2 3 1 0 0 4 4 1 4 1 2 0
0 4 2 4 0 2 3 4 2 1 0 4 3 2 2 2 2 3 1 0 0 4 3 0 0
0 1 3 0 2 0 4 0 1 3 4 1 0 1 3 2 4 2 4 3 4 4 3 1 2
1 1 3 4 2 4 4 3 4 3 2 2 0 1 4 3 1 2 4 0 4 4 4 4 3
4 3 4 4 1 4 3 2 1 3 1 2 0 1 0 2 2 1 1 1 0 3 4 0 1
1 1 2 4 2 0 1 0 1 1 3 3 2 0 3 2 1 1 4 0 1 4 2 1 3
2 1 3 3 0 1 4 0 3 4 4 1 1 3 3 0 1 4 0 0 2 1 3 1 3
4 3 2 4 2 2 0 4 4 0 0 3 1 3 2 1 1 0 1 4 4 4 4 0 2
4 4 1 1 4 0 0 2 1 2 1 1 3 1 1 3 1 0 1 0 4 3 1 1 3
2 0 1 2 4 0 2 0 3 4 2 0 4 3 3 2 1 4 0 3 0 0 3 0 1
2 0 0 4 0 3 3 0 0 0 4 0 1 0 4 0 4 2 0 1 2 4 2 4 2
2 3 3 4 4 1 3 4 1 1 2 0 0 4 3 0 2 0 4 3 1 1 3 1 2
0 0 1 0 0 4 1 1 4 1 3 3 1 4 2 4 3 0 1 0 2 4 4 2 0
0 4 4 1 2 0 4 1 0 0 4 3 3 4 2 1 4 2 2 1 2 1 1 1 3
4 4 3 4 4 2 1 4 1 3 4 2 3 4 0 4 2 2 4 0 4 1 3 1 2
3 4 1 1 2 1 3 0 3 2 2 0 3 4 1 3 0 2 1 3 3 1 4 1 4
2 1 3 4 0 3 4 2 4 2 1 0 4 1 0 2 0 2 3 1 3 1 2 4 2
0 4 0 4 4 0 3 3 3 1 2 2 3 2 3 0 2 4 3 4 0 3 3 3 2
2 2 0 3 3 4 4 4 0 0 1 3 2 2 1 0 3 0 2 0 3 3 1 0 2
1 0 2 0 0 1 3 2 4 3 4 0 2 0 0 1 3 4 2 1 4 4 3 0 0
0 3 0 2 3 4 0 0 0 1 1 2 3 0 2 3 3 2 1 3 2 2 1 2 0
1 0 2 3 2 2 0 3 0 2 1 3 3 3 0 1 1 3 3 3 3 3 0 4 4
0 0 2 1 0 4 0 0 1 2 4 3 0 1 0 1 3 1 0 4 3 4 3 4 1
1 3 2 2 4 0 3 0 4 0 4 2 3 1 1 2 1 2 1 1 4 0 3 1 4
3 1 3 1 3 4 2 2 4 1 4 0 0 0 4 1 1 4 0 3 0 0 1 1 0
4 1 2 3 3 2 4 3 1 4 4 3 4 0 1 4 3 2 3 4 3 2 1 4 2
2 3 1 2 3 1 1 1 1 1 4 2 2 2 0 2 1 4 0 2 4 2 2 4 4
2 1 3 4 0 2 2 1 1 3 1 2 4 4 3 3 0 1 0 0 0 4 3 0 1
4 4 0 3 4 2 1 2 3 2 2 4 0 3 4 3 4 1 1 3 0 3 3 3 3
4 0 1 2 0 2 1 1 0 3 2 4 4 2 3 0 2 0 0 1 0 0 4 1 4
2 3 4 1 2 3 0 2 4 1 1 3 0 1 3 4 2 3 4 0 1 1 0 2 1
1 2 3 0 0 1 1 1 2 3 0 1 1 4 3 2 3 1 4 1 2 4 2 2 0
2 3 4 0 2 0 2 4 2 3 0 3 4 3 4 3 1 1 0 4 1 2 0 4 3
4 2 4 2 2 4 3 3 1 1 3 3 0 3 1 4 0 4 4 0 0 2 1 4 2
2 0 2 1 0 1 1 2 0 0 2 1 4 0 4 4 4 1 1 3 4 1 1 1 0
1 2 1 4 2 4 0 1 4 3 0 3 1 2 4 0 3 1 0 1 4 2 3 3 2
3 4 4 1 1 1 2 1 3 3 0 1 2 1 4 0 3 3 3 1 0 0 4 0 3
3 1 1 4 4 0 1 4 4 4 0 1 0 2 2 1 1 3 3 2 4 1 0 0 0
4 3 4 3 4 4 2 3 4 2 0 3 4 0 4 4 2 1 1 0 3 3 2 2 1
3 4 3 4 3 4 1 2 4 1 2 0 4 2 3 4 3 1 0 1 2 0 3 2 2
2 1 0 0 1 4 0 3 3 2 1 0 0 4 1 4 2 4 2 1 4 3 3 1 3
3 0 2 0 2 0 2 1 2 3 0 0 4 3 1 3 1 1 1 0 0 2 0 1 4
3 1 0 1 1 4 1 3 4 4 2 4 1 1 3 1 3 1 1 4 4 1 1 1 2
4 4 4 2 1 4 0 0 2 2 3 1 0 4 2 2 0 3 2 3 3 0 2 3 0
2 3 2 0 1 4 2 3 3 2 2 2 4 0 2 2 0 2 3 4 1 3 4 0 3
1 2 0 4 3 2 0 1 1 0 4 1 1 4 0 3 3 3 3 4 1 4 1 1 2
2 0 3 1 3 0 1 2 3 2 3 2 0 4 3 4 2 2 0 4 1 4 0 3 1
2 2 4 3 3 1 4 0 3 0 1 2 0 2 1 2 1 4 3 4 0 2 4 4 1
0 4 3 3 2 2 4 4 0 3 1 4 1 2 4 3 1 3 2 2 3 1 1 3 3
2 2 4 0 1 1 4 0 1 2 2 4 4 3 0 0 3 1 3 1 4 2 2 1 0
1 2 4 2 4 2 4 0 1 4 1 4 2 1 2 1 2 3 2 0 0 2 0 0 3
3 0 1 0 4 2 0 3 3 4 2 1 0 4 4 0 3 4 2 2 3 4 0 3 3
0 2 4 1 4 1 4 0 1 0 4 2 2 2 4 0 0 3 3 0 1 3 1 2 1
3 2 3 1 0 0 0 2 1 0 4 1 3 3 2 3 2 1 1 1 4 2 0 2 4
1 3 3 0 3 3 3 0 3 3 0 4 2 0 0 2 1 3 2 0 2 4 2 0 2
3 2 3 3 1 3 1 1 4 3 3 2 2 4 3 1 3 1 0 1 1 2 2 2 0
3 2 3 4 0 4 4 0 2 2 0 2 2 1 3 3 4 4 0 0 0 2 4 2 4
3 3 2 1 3 0 1 0 0 4 4 1 4 1 1 1 3 1 1 0 4 3 3 2 3
4 0 2 3 0 1 3 2 4 3 2 1 3 3 1 4 4 4 4 0 2 1 3 2 3
3 2 1 1 4 3 0 2 0 3 4 1 0 0 4 3 1 3 3 0 4 0 0 0 2
1 3 1 2 0 4 1 2 3 2 2 3 4 3 0 3 2 0 0 0 1 0 3 2 2
4 2 2 0 4 4 0 2 1 0 4 3 2 2 4 2 2 4 3 0 4 2 3 4 0
0 2 1 1 1 2 0 0 0 3 4 4 4 2 2 1 2 1 1 2 2 3 3 4 4
2 1 0 3 4 3 2 0 0 2 1 0 3 0 2 4 2 2 4 4 2 0 3 1 2
4 3 4 1 1 4 4 3 0 3 3 2 1 0 4 3 1 0 0 0 4 4 2 3 1
4 0 1 0 1 2 4 4 1 3 0 2 3 2 1 1 2 3 4 1 2 2 4 0 3
3 2 3 4 3 3 0 4 3 1 1 4 0 4 0 4 0 4 2 1 2 1 3 1 2
2 2 4 2 2 1 3 0 3 0 0 3 4 0 4 0 1 1 4 0 4 0 1 2 1
1 0 1 3 2 2 0 0 0 1 2 2 2 1 0 4 3 4 2 0 2 3 2 4 0
4 0 2 4 2 4 0 4 4 1 0 3 4 1 2 1 2 0 3 3 3 0 1 4 2
4 2 3 3 2 2 1 4 0 3 0 1 1 1 0 0 0 4 1 2 4 1 2 4 4
4 2 3 3 3 1 4 1 0 0 2 3 3 0 4 0 4 0 1 4 4 3 1 1 4
2 0 2 1 4 0 3 0 3 1 2 4 2 3 4 2 2 0 2 2 4 3 0 3 1
0 3 3 3 3 2 4 0 4 0 0 3 3 2 0 0 4 1 4 2 4 3 2 3 1
2 0 1 4 1 3 4 3 2 1 2 0 0 4 4 0 1 3 4 1 3 2 4 3 2
4 0 1 4 1 0 3 4 2 0 2 2 0 1 3 2 3 2 0 1 2 2 0 0 4
0 2 3 1 0 4 1 0 4 2 1 1 3 3 2 3 4 1 4 2 0 3 3 4 0
