100 4
study 1 0
66514.8 66514.8 66514.8 66514.8
3713.99 2020.68 2288.47 1934.41 2330.56 1025.61 3810.45 3229.03 2389.48 2420.62 3294.15 2658.97 1773.89 2516.87 2891.68 2503.41 3598.55 3962.38 1201.25 1118.29 3194.6 2094.46 3022.07 3551.3 3541.35 1558.6 2984.01 3588.72 2776.55 3118.71 1950.39 2079.66 2445.19 1654.88 1029.95 3673.38 2627.81 2037.09 3231.45 2049.8 3193.35 2744.57 1554.44 2547.57 2058.02 3192.71 3153.7 3526.73 2704.56 3968.67 2966.31 1515.64 2313.37 1744.31 1994.76 3098.72 1717.05 2098.68 3924.66 2164.57 2897.49 3021.31 2631.26 3122.53 1545.24 3108.93 1958.4 2922.42 3672.25 1477.07 2630.69 3244.66 2542.12 3911.58 3643.99 1297.59 3807.61 2399.72 3309.76 2849.64 3356.95 1618.2 2484.64 1036.34 2159.7 3274.38 3059.95 3647.54 2298.98 1272.08 2641.13 3150.1 3782.39 2734.21 3928.44 2377.18 3549.43 3642.9 2732.54 2293.05
4 4 1 4 1 0 1 3 4 0 2 4 2 0 2 0 3 3 2 0 2 0 4 2 4
4 4 3 2 3 2 1 3 3 1 2 1 2 0 2 0 1 3 1 4 0 3 4 2 3
0 1 4 3 2 3 3 2 1 1 2 1 4 0 0 0 2 0 4 2 4 1 0 3 2
1 2 1 1 2 1 4 3 2 2 4 4 4 1 1 3 2 4 4 4 0 4 4 3 4
2 2 4 1 0 2 2 4 1 4 0 1 1 2 0 4 1 4 4 4 3 1 3 1 2
0 0 4 1 4 0 3 4 4 3 2 4 4 3 0 3 0 0 3 2 0 0 1 2 4
4 1 4 0 0 1 1 0 0 1 2 0 4 2 1 0 3 3 2 0 3 3 0 3 0
4 0 4 2 0 1 2 2 4 2 1 3 4 1 1 1 2 4 2 2 1 1 3 0 1
3 3 2 3 3 4 4 2 2 1 0 1 2 3 3 3 3 4 3 1 1 2 1 0 0
2 4 1 1 3 0 4 3 4 4 3 2 3 4 2 2 1 2 1 4 0 2 1 3 0
2 4 1 0 1 4 1 1 4 2 3 3 0 4 0 1 0 3 1 0 0 3 3 4 4
2 3 2 2 0 1 0 3 3 0 0 1 1 0 3 1 1 3 4 3 3 1 3 4 3
3 2 3 3 2 4 0 0 3 1 4 2 2 3 3 2 2 2 0 3 4 2 0 1 4
2 1 4 4 3 1 0 1 0 4 1 2 4 0 1 4 1 0 2 1 0 0 2 2 1
1 1 0 1 4 2 1 2 2 0 2 3 4 4 1 2 4 0 1 4 0 4 2 0 2
2 4 0 4 1 4 4 2 3 0 4 3 3 3 1 3 0 4 0 1 4 2 3 0 4
2 1 0 4 4 0 3 0 3 1 4 1 3 4 3 0 1 0 1 1 1 0 3 2 4
0 3 0 3 0 0 2 1 4 3 0 2 0 3 0 2 3 4 2 3 3 3 1 0 2
2 4 4 4 4 1 0 0 1 4 2 3 0 3 1 3 0 3 0 3 0 1 2 2 2
1 0 2 0 3 0 0 2 1 4 4 3 4 0 0 4 0 2 0 3 2 4 0 4 1
2 0 3 3 2 0 1 1 0 4 2 4 1 1 0 2 2 1 1 2 0 3 1 1 2
1 2 2 4 0 1 0 4 2 0 2 0 0 1 4 0 2 3 0 1 3 1 2 2 1
3 0 4 4 1 2 0 2 3 3 3 3 0 2 3 1 3 1 4 2 4 0 0 1 3
0 4 2 2 2 1 3 4 1 3 4 0 3 1 2 1 4 0 3 1 3 0 1 1 2
4 1 4 0 0 0 0 2 0 4 4 0 1 1 3 4 3 0 1 2 1 1 2 4 4
2 0 4 1 2 1 3 2 4 1 3 3 3 3 3 4 0 4 0 2 3 2 0 1 1
0 4 2 3 3 1 2 0 3 2 3 3 2 4 0 4 1 3 2 3 1 4 3 2 2
1 1 1 1 0 4 2 3 4 0 3 0 1 3 2 1 2 4 3 2 0 4 2 3 0
4 1 3 4 0 4 4 2 1 1 2 3 3 3 3 4 2 2 2 3 4 3 1 4 3
1 4 0 0 0 4 3 1 2 3 3 0 0 1 3 0 3 2 4 4 0 1 3 0 4
3 1 0 2 1 1 1 0 4 0 1 0 0 3 2 0 2 1 1 2 0 4 2 4 1
0 4 3 0 4 3 3 1 1 2 4 4 3 4 4 4 2 4 0 0 4 1 1 3 3
3 4 4 0 1 1 4 3 1 3 3 1 1 1 3 2 4 0 4 0 3 2 0 3 2
4 3 4 1 3 4 1 1 4 1 4 2 1 0 2 3 2 0 3 3 0 4 1 3 0
0 0 2 3 3 3 0 0 3 4 0 2 0 1 2 2 2 0 2 2 3 3 1 1 4
0 3 0 2 3 4 4 0 1 2 1 2 1 0 2 2 4 1 2 3 2 3 0 2 4
3 3 0 3 1 4 3 2 0 3 4 4 1 1 1 2 2 0 0 0 2 2 3 1 0
0 4 4 2 4 2 0 2 2 3 0 1 2 2 1 4 4 1 3 0 0 4 3 3 3
0 2 0 0 1 1 3 4 3 0 3 0 3 3 0 0 4 3 0 3 2 3 1 1 1
2 2 1 4 0 4 0 3 0 0 2 3 2 4 2 4 3 4 2 3 1 4 3 0 4
2 4 1 1 0 2 0 3 3 1 2 2 2 0 4 2 4 1 2 4 3 0 2 0 1
3 3 1 2 2 3 2 2 0 0 3 0 3 4 4 3 1 2 2 2 3 2 3 1 4
3 2 4 0 2 0 4 1 1 4 3 3 4 4 0 2 3 1 2 4 1 4 2 0 2
4 2 2 2 0 2 4 0 4 4 1 2 1 3 3 1 0 3 2 1 4 1 0 4 4
3 0 1 2 4 4 2 3 1 0 3 2 1 0 2 0 3 4 3 3 0 4 4 1 4
1 1 3 2 3 4 4 3 3 1 3 1 3 4 1 1 1 2 0 1 3 0 1 1 1
0 4 4 3 0 1 3 1 2 4 1 0 1 2 2 0 1 3 1 4 2 4 0 1 0
1 0 0 2 1 2 1 0 2 0 1 3 3 2 3 3 2 3 0 4 4 1 4 4 3
4 4 0 4 3 2 0 2 0 3 4 4 3 2 0 1 0 2 1 1 4 0 0 1 2
1 1 4 4 4 2 2 0 4 2 0 0 2 1 1 4 0 3 0 0 3 0 0 4 2
3 3 3 2 4 4 0 4 3 1 3 1 0 1 1 0 0 3 0 3 1 0 0 2 4
2 0 2 3 3 0 3 2 2 4 0 1 4 4 2 2 0 0 3 0 0 0 2 1 1
4 2 3 4 3 2 2 1 2 2 3 3 2 0 0 4 0 0 2 0 4 4 1 3 0
4 1 3 0 3 3 3 3 2 2 2 3 2 1 1 2 0 4 2 3 1 1 0 1 0
2 4 3 4 1 1 4 2 3 2 1 2 0 1 2 3 4 4 4 0 1 1 3 0 3
2 2 0 2 4 0 1 2 1 1 1 3 2 1 3 1 4 4 0 1 1 3 2 3 3
2 1 0 2 4 3 2 3 4 0 3 4 2 1 0 4 4 3 0 0 2 2 3 2 4
4 1 1 0 2 1 1 4 3 0 3 2 2 1 2 3 2 1 0 2 3 0 2 3 2
1 4 2 1 0 4 2 0 3 0 1 0 3 2 4 0 4 1 4 2 1 0 4 3 1
1 3 4 3 2 3 4 1 4 2 0 2 1 2 1 1 1 4 0 0 3 4 0 2 1
0 1 1 3 3 3 1 0 3 0 1 3 4 4 2 2 1 2 4 1 4 3 4 2 3
4 0 3 3 1 2 3 4 2 3 1 3 0 2 1 0 4 0 2 4 1 2 3 1 2
2 0 1 0 4 1 4 0 3 3 2 2 2 4 2 4 1 1 3 2 2 4 3 3 4
4 2 3 3 2 2 0 3 1 1 0 4 4 1 1 1 2 0 4 0 3 3 2 2 2
1 4 2 0 3 3 3 4 2 3 4 0 0 3 3 3 1 4 3 4 4 0 0 4 1
0 0 0 1 0 1 4 3 2 0 2 3 3 2 3 0 1 1 4 4 0 4 1 4 2
0 1 0 0 0 2 0 1 3 0 4 4 3 0 3 3 1 2 3 3 1 3 3 4 1
2 1 3 1 3 1 0 3 0 3 1 3 3 4 2 2 1 1 2 4 4 3 1 1 2
3 1 2 1 0 3 2 0 4 4 1 4 2 0 4 4 4 4 3 0 4 4 4 3 0
2 0 2 3 1 4 0 3 1 0 3 4 3 0 4 1 4 1 4 2 4 0 4 0 1
2 1 1 2 3 3 2 2 1 1 0 0 3 3 1 3 3 4 3 0 0 0 4 1 0
3 3 0 0 3 3 2 0 2 4 3 1 0 0 1 4 2 3 2 0 3 2 2 1 3
4 0 4 3 3 0 2 4 4 0 3 1 3 0 1 4 1 4 2 3 4 0 0 2 2
1 1 4 1 4 2 3 0 4 4 3 2 2 4 1 1 3 3 3 3 4 1 4 3 1
1 2 1 4 3 0 1 3 1 3 1 1 3 4 4 2 0 2 0 4 3 3 0 4 3
2 0 3 4 1 1 2 2 0 4 4 3 2 2 2 3 3 0 0 0 0 2 2 1 4
4 0 0 4 4 1 3 0 2 4 3 1 0 0 1 3 1 4 2 0 2 3 0 0 2
1 0 1 1 0 1 3 4 3 4 1 4 2 3 0 2 2 2 4 0 3 0 3 0 1
3 4 2 1 1 3 3 4 2 0 2 4 4 1 2 3 1 2 1 2 1 0 1 1 2
3 2 0 2 1 0 3 4 2 0 0 0 0 4 0 3 2 3 2 4 3 1 4 2 3
0 2 0 4 0 0 0 0 1 3 2 1 0 4 1 1 2 1 1 2 0 3 0 4 2
1 2 1 1 1 1 4 2 4 2 0 4 2 1 4 3 4 0 3 2 2 1 2 4 3
2 0 0 3 4 2 3 2 1 1 1 3 2 1 0 2 4 2 0 0 2 4 3 2 3
2 0 0 2 1 0 2 0 3 0 2 0 4 0 4 3 4 3 3 2 4 0 3 0 0
4 2 0 2 4 2 3 4 2 4 0 1 1 3 2 2 2 4 4 2 0 0 0 4 1
0 4 2 2 3 4 0 4 2 3 1 0 1 4 0 0 4 3 1 2 2 1 3 0 2
2 4 4 2 3 4 0 1 1 4 2 0 1 3 1 3 4 1 4 2 4 2 0 3 2
1 2 1 2 2 2 4 4 2 1 1 4 2 3 0 3 2 0 4 0 0 2 4 4 3
4 2 2 3 2 1 0 3 2 0 4 1 4 4 4 4 1 1 1 4 4 3 0 0 3
2 3 0 0 2 0 2 2 3 3 3 0 3 1 0 4 0 2 1 3 0 3 3 3 0
3 1 3 2 0 1 4 4 3 2 1 4 3 2 3 2 0 3 1 2 1 2 1 1 1
3 2 0 1 3 4 1 2 2 2 1 4 0 1 2 2 2 4 4 0 0 2 2 1 3
2 4 2 4 2 0 2 4 4 0 4 3 4 1 2 0 0 1 3 0 4 3 3 3 4
3 4 2 1 0 3 0 4 4 1 2 1 1 3 4 1 3 3 2 2 1 0 4 2 2
4 0 3 1 2 2 0 0 3 2 2 3 1 2 4 3 1 4 1 3 1 2 2 4 4
4 2 2 4 2 4 3 4 1 3 4 2 1 4 3 2 3 3 4 0 3 0 4 0 3
2 2 4 3 4 0 2 1 0 2 1 0 3 0 0 0 2 3 4 0 1 1 3 0 3
1 3 2 3 4 0 3 2 1 3 1 1 4 3 2 0 0 1 4 3 1 1 2 1 1
3 1 1 0 4 4 3 4 1 0 1 3 2 1 1 0 2 2 1 3 1 3 4 3 2
2 2 0 1 2 1 1 1 0 2 1 2 4 4 2 3 1 2 1 4 4 3 1 4 2
