300 7
study 1 0.1
111578 115600 104303 102558 103781 113106 102710
1164.7 1274.71 1512.44 3111.27 3432.66 3847.94 1094.57 3828.97 3515.81 3747.45 1862.27 2450.45 3482 1902.99 1332.99 1736.15 3920.96 2815.63 2672.99 3814.3 2581.87 3136.5 3362.85 2791.82 3316.04 1820.65 1001.4 3537.32 3687.4 1266.47 1923.52 3108.46 1553.74 3546.64 1576.26 2064.02 2995.63 3364.78 3621.27 2842.6 1935.4 2418.12 1394.67 3463.24 1039.15 2217.25 2736.01 2490.01 2299.01 2881.45 2890.66 1244.6 1012.71 3387.02 2926.8 3287.63 3164.73 1068.47 3244.63 2205.02 2297.31 1246.06 3147.44 3061.58 3732.31 3780.47 2248.69 3045.95 1200.24 1824.03 3626.44 1530.4 2500.07 3398.43 3210.69 2451.4 2899.31 3396.35 1655.64 3701.05 2272.96 2841.9 3460.15 3349.96 3572.36 1266.8 3286.03 2462.56 2054.62 1361.99 2932.65 1369.67 3644.3 3862.39 2701.35 3955.73 3900.56 1257.49 2716.33 3105.48 2305.61 3842.87 3129.2 2512.59 2759.26 1470.45 1263.97 1390.75 2245.18 1076.1 3680.44 3837.39 2008.32 1186.83 3334.44 3184.47 2150.75 3093.63 2154.1 1184.81 1617.59 3318.82 1309.4 3223.98 3087.94 1528.74 1515.69 2613.78 3804.62 1555.09 1064.77 2100.85 1066.9 2629.76 1025.27 3346.93 3737.02 1923.3 1449.28 1800.57 3195.45 2591.21 1674.3 2877.44 1663.18 2962.86 2779.28 3073.33 3800.23 3546.06 2312.39 1199.18 2913.84 2637.19 2137.74 2657.34 1395.68 3712.62 2357.52 1868.85 3794.44 3055.58 2850.72 1309.22 2989.14 3155.47 1228.69 2696.18 1017.53 1572.48 1702.88 1437.25 3418.4 2650.84 1406.71 2057.72 1051.24 2430.76 1730.12 3216.96 3573.16 1418.22 2666.87 2586.97 1386.47 1712.05 3481.64 1476.07 1163.45 3884.78 2232.31 2672.56 2090.85 3953.26 3431.34 1675.96 3691.91 3377.72 3621.58 3426.6 3417.09 2548.14 1965.79 3565.99 3076.3 2158.11 2331.56 3545.04 1512.34 1755.07 2197.12 1481.55 3614.2 3801.37 3837.8 2321.53 1865.6 2814.38 1248.07 3260.61 2631.85 1304.39 1087.09 1799.66 1466.89 3306.81 2728.27 3195.54 3787.04 3150.7 2154.46 1244.54 1439.8 3096.18 1045.03 1004.8 1146.56 2290.86 1159.71 3287.53 2573.69 3610.68 3493.73 1848.49 3670.29 3134.07 1216.79 2243.9 2537.51 1197.94 2342.67 2767.63 1067.44 1807.26 3850.72 3553.24 3396.84 2747.41 3342.22 2464.64 2860.37 1292.62 3883.19 2377.2 3096.09 1752.57 3851.85 1779.28 2811.44 1039.64 2163.84 1654.05 3695.54 3136.87 2609.2 3077.14 2515.06 2758.09 3210.22 2401.84 1143.91 1850.37 2833.7 2525.29 1497.9 1786.27 3707.67 2935.38 1677.43 2234.22 3718.12 2820.6 2987.12 2151.94 1859.36 3057.31 3377.74 1713.26 3190.58 3797.06
3 3 2 1 3 0 2 0 2 0 3 4 2 4 1 0 2 4 1 0 3 4 2 3 1
2 0 1 2 3 4 3 4 2 3 1 2 2 3 3 1 3 2 1 1 3 1 4 0 0
2 1 4 3 3 1 0 1 2 3 4 1 4 2 0 4 2 1 0 4 3 2 1 4 2
1 2 4 4 0 1 1 3 3 4 1 3 4 1 4 4 1 4 1 0 4 4 3 0 2
4 1 4 2 3 2 1 3 1 4 4 2 4 1 2 0 3 3 4 4 4 0 2 1 3
4 2 1 1 3 0 4 1 3 3 0 4 2 2 1 0 3 4 2 0 3 1 4 4 2
3 2 3 4 1 4 2 3 0 4 0 2 1 0 0 1 0 2 3 4 2 2 4 4 4
2 2 1 4 3 1 4 2 3 4 2 3 3 4 4 4 4 4 1 3 1 1 2 0 3
3 0 2 1 0 0 1 0 4 3 3 4 3 3 0 3 3 0 1 1 1 1 2 1 1
3 4 4 0 0 3 1 1 1 2 4 2 1 3 1 1 3 2 0 0 2 1 1 2 0
4 2 2 1 4 3 0 1 4 3 1 4 1 3 1 1 4 4 0 3 1 4 1 0 3
4 3 4 4 4 1 3 3 3 4 3 0 2 1 2 1 4 2 1 0 3 0 3 2 1
3 1 2 4 3 0 4 2 1 2 0 3 3 4 2 0 0 1 2 4 3 1 0 1 2
3 1 2 3 0 4 4 2 4 4 2 2 4 3 4 4 4 4 0 3 0 1 2 1 1
3 0 0 1 2 0 4 3 3 2 2 4 3 0 1 0 4 3 4 3 0 2 3 1 3
4 4 3 3 3 4 2 0 2 1 2 3 1 1 3 4 0 2 3 3 4 0 0 2 2
0 4 2 0 2 0 3 4 1 1 1 0 3 2 0 2 2 0 2 3 4 3 0 2 0
0 4 0 4 0 3 3 2 4 1 3 4 1 3 2 1 0 2 0 3 3 3 1 3 1
4 3 2 1 3 2 4 4 0 1 3 1 0 3 2 1 3 1 3 1 0 2 2 1 3
3 3 2 4 2 3 1 3 0 3 3 4 3 2 1 3 1 2 2 1 2 4 2 2 1
0 0 2 0 3 2 2 0 0 0 4 2 0 2 1 0 0 0 2 4 4 4 2 3 0
0 2 1 4 0 4 3 1 3 4 3 1 3 3 2 4 3 0 2 3 2 1 2 3 4
3 3 2 3 0 0 4 4 3 4 4 2 4 1 4 4 0 1 4 4 3 0 0 1 0
2 3 1 2 1 4 0 4 4 3 4 1 4 3 1 3 0 3 3 0 3 4 1 3 3
4 1 0 2 0 1 2 1 4 4 3 2 3 3 4 1 1 4 0 3 1 4 0 1 1
1 0 2 2 1 3 0 1 3 3 4 4 3 2 4 1 0 3 3 2 3 2 1 0 4
0 2 2 0 1 1 1 1 3 0 2 0 1 4 0 2 1 1 3 4 0 4 4 1 2
1 1 4 1 3 4 4 4 4 3 3 0 4 1 1 2 4 1 0 0 4 0 3 3 1
3 0 4 0 3 3 3 4 1 0 0 0 3 0 2 2 4 3 0 3 3 2 2 0 3
0 2 4 3 0 4 2 2 3 4 4 0 4 0 4 2 1 0 4 3 0 0 1 4 2
3 4 2 3 3 0 2 2 0 3 4 4 2 1 4 1 2 3 4 1 2 0 0 2 2
1 2 3 4 2 0 2 4 1 1 2 4 0 1 4 0 3 4 1 4 1 4 4 0 4
1 0 3 1 4 0 3 2 2 1 3 4 2 4 0 3 1 4 0 3 0 3 2 2 0
1 0 1 4 3 0 3 2 4 2 4 1 4 4 2 1 2 3 0 3 0 0 4 4 4
1 4 1 2 3 3 0 2 0 0 0 0 4 2 4 2 0 3 1 1 0 0 0 3 3
0 2 1 4 0 2 0 2 3 1 0 3 2 1 0 1 1 2 3 4 4 3 3 3 4
0 4 2 3 4 2 2 1 0 1 0 1 4 1 3 1 2 4 1 3 0 4 2 4 4
2 0 2 1 4 1 0 4 3 1 1 2 3 2 1 3 0 4 3 1 3 0 2 4 4
2 2 2 2 2 2 2 0 3 1 3 0 3 2 4 3 1 2 1 1 4 0 0 4 4
0 0 2 4 1 4 4 3 1 0 2 2 4 0 0 2 3 0 1 4 4 3 0 4 1
2 4 1 3 2 3 2 3 0 0 3 3 1 0 3 4 1 2 1 0 4 1 2 4 0
4 2 0 2 0 3 1 3 3 2 4 2 3 0 0 1 4 3 1 2 4 1 0 1 4
3 0 2 4 4 0 0 1 1 1 0 3 1 3 2 2 3 4 1 4 2 1 4 1 1
0 4 3 1 0 2 3 4 1 0 4 4 1 4 1 2 1 1 1 4 4 2 1 2 2
0 2 4 0 0 2 4 4 0 2 2 1 4 0 3 3 2 1 0 0 4 0 0 0 3
4 0 0 2 1 0 0 3 1 0 0 1 2 4 0 2 3 3 0 1 1 3 0 1 2
3 0 2 0 1 0 4 1 4 4 0 2 1 0 0 4 2 0 2 0 1 1 4 2 3
4 2 2 0 3 4 3 0 2 1 4 4 1 4 1 3 2 2 1 2 3 4 1 0 4
1 4 4 4 4 4 2 4 1 0 3 4 2 2 3 3 3 3 3 2 1 1 1 0 4
4 2 4 2 1 1 3 0 4 3 3 3 0 4 3 4 3 0 0 4 2 1 2 1 1
3 1 1 1 0 4 1 2 1 1 0 3 1 1 3 2 1 3 1 2 0 1 2 1 2
3 3 2 0 2 0 4 3 2 0 2 1 4 4 4 4 3 4 0 0 0 1 3 3 0
2 4 3 4 1 3 4 1 2 4 2 4 4 1 2 1 1 0 3 0 4 1 4 2 3
0 2 4 2 3 0 3 1 3 0 0 0 3 3 1 4 4 4 3 2 0 3 3 3 0
1 4 0 2 0 1 2 0 0 2 4 1 1 4 3 1 1 2 2 2 4 3 4 4 4
0 1 1 3 3 2 2 4 0 3 2 4 1 2 3 4 0 2 2 3 4 4 0 2 2
1 0 0 3 1 4 2 4 3 1 1 0 4 2 3 3 1 2 0 2 0 3 3 4 3
2 1 3 1 4 2 1 0 2 4 4 2 1 1 0 0 0 1 0 2 2 4 0 3 4
4 3 2 1 2 3 0 3 1 3 1 0 3 1 1 0 4 0 3 3 0 0 0 3 1
1 2 4 0 2 1 3 4 0 3 3 1 0 3 0 4 3 2 4 3 2 1 0 4 2
1 4 0 4 4 3 1 4 4 1 1 4 2 1 3 3 2 3 4 0 3 0 3 3 1
4 0 4 3 2 3 3 1 3 3 1 2 4 1 2 4 2 2 2 3 4 1 3 3 3
1 4 0 1 3 2 0 1 4 3 4 4 0 4 1 4 3 1 3 0 1 1 0 3 1
4 2 3 4 0 1 4 2 2 1 4 4 3 1 4 2 4 0 2 3 2 1 1 3 3
1 4 3 4 0 2 1 4 2 3 1 3 2 2 3 3 1 4 2 2 2 1 3 0 1
1 0 2 4 4 2 1 1 3 2 2 0 3 4 3 2 2 1 1 0 3 4 4 4 4
4 2 1 3 3 1 4 1 2 3 1 4 2 1 3 3 1 1 4 4 2 2 0 3 2
0 4 3 2 4 2 4 1 1 4 1 0 0 4 2 0 1 1 0 4 2 0 4 2 3
2 1 4 0 1 0 1 0 1 4 0 2 3 1 3 0 1 4 3 2 1 0 2 4 2
1 1 2 1 1 1 1 0 0 2 2 1 4 3 1 2 3 2 3 3 0 3 1 3 1
3 3 0 3 0 0 3 3 0 4 4 0 1 4 3 2 2 4 2 2 3 4 2 2 0
2 4 1 0 0 1 0 2 0 3 0 1 1 2 2 4 2 2 1 1 4 3 2 0 3
3 3 1 4 2 4 4 1 3 2 0 3 4 2 3 4 1 4 2 4 1 3 0 3 3
3 1 1 2 2 3 0 1 0 3 1 4 4 0 3 2 4 4 2 3 0 4 2 2 1
2 3 3 4 1 3 3 2 2 1 0 4 1 0 4 0 3 3 1 4 2 3 3 3 0
2 1 0 4 4 0 0 2 2 2 3 2 2 1 3 3 3 2 1 2 0 0 3 2 2
3 0 2 3 2 2 0 1 2 4 2 1 2 1 4 0 3 2 1 0 1 2 4 3 2
2 2 0 2 3 0 4 1 0 3 4 1 4 1 2 3 3 0 3 3 4 2 1 4 4
1 4 1 0 2 4 0 4 3 3 2 1 2 4 1 3 3 4 3 4 4 0 4 4 3
2 1 4 0 3 3 3 4 4 3 3 3 4 3 2 0 1 1 1 1 4 0 4 0 4
4 0 3 1 4 2 3 4 4 4 3 2 2 2 1 2 4 3 2 3 2 1 0 4 4
3 2 3 0 0 0 2 2 3 1 0 3 3 3 2 4 3 3 2 3 2 3 3 4 4
0 2 3 4 1 0 3 3 2 2 4 0 3 2 3 3 4 4 0 0 0 1 1 4 4
0 1 1 1 2 4 0 0 2 1 3 3 3 3 4 0 2 1 3 0 0 0 2 4 2
4 1 1 1 0 1 0 3 2 1 3 3 4 0 0 0 1 4 1 2 2 0 0 2 0
0 4 1 2 0 4 4 3 1 2 0 4 4 4 2 4 2 3 2 2 1 0 3 1 1
0 0 4 2 0 2 4 0 0 2 0 3 4 3 2 2 0 4 1 2 2 0 1 1 4
4 1 3 1 1 1 4 3 1 3 3 3 2 4 3 1 2 2 4 2 3 0 4 0 4
1 4 0 4 4 0 1 2 1 3 4 0 2 2 0 4 0 2 3 0 4 2 2 3 0
3 4 3 2 1 3 1 1 4 4 2 1 4 4 1 2 0 2 0 4 4 2 0 3 1
1 0 0 4 4 2 4 3 2 3 4 1 4 0 1 1 1 3 3 2 4 1 2 1 1
3 2 1 2 3 2 2 0 0 2 4 2 3 4 2 3 1 4 2 0 4 4 3 2 4
0 1 1 3 4 0 0 2 2 4 0 0 2 3 0 2 4 0 3 2 3 3 0 3 4
4 0 4 3 4 0 0 2 2 1 2 2 0 2 3 4 0 0 2 1 2 3 4 3 3
1 2 2 3 1 4 3 0 1 0 2 1 0 4 3 3 2 0 2 2 4 4 1 0 4
0 0 4 3 4 1 3 0 0 3 0 0 1 0 2 3 3 3 0 3 3 4 2 2 4
1 1 4 0 4 0 4 4 0 2 2 0 0 1 4 0 1 2 2 4 2 2 1 3 4
2 2 2 2 1 2 0 0 2 2 4 3 2 4 2 2 1 2 4 0 3 4 2 4 3
3 3 2 2 0 2 0 2 0 3 1 1 3 4 2 0 1 0 3 0 0 2 0 2 1
4 3 0 3 3 3 3 0 0 2 1 1 2 3 4 0 0 2 1 0 3 2 3 0 0
2 4 4 4 0 3 2 1 3 0 3 3 4 2 2 1 1 2 0 1 1 1 0 4 4
3 4 0 4 2 1 4 3 1 2 3 4 2 0 2 2 2 1 2 0 0 1 0 3 1
4 2 4 1 0 3 4 0 0 4 3 3 0 2 1 3 4 4 4 1 3 3 2 4 3
3 2 0 1 3 3 1 1 2 2 1 2 3 3 0 3 0 2 4 0 4 3 2 2 3
4 2 2 1 3 2 3 4 0 0 4 3 3 1 1 2 2 2 1 1 2 1 3 4 0
4 4 3 0 0 2 1 0 4 2 3 3 1 0 3 1 3 2 0 4 4 2 3 3 2
1 2 4 3 4 4 1 1 4 0 1 0 0 3 2 1 2 4 1 3 2 2 0 0 1
1 4 2 2 4 4 0 2 1 3 4 3 4 0 3 2 3 4 2 2 1 2 4 0 2
1 1 4 3 0 3 0 1 4 0 0 2 4 0 1 3 4 3 2 0 0 2 2 1 3
0 4 0 4 4 3 3 0 2 3 1 0 0 3 1 0 0 2 0 2 2 0 0 4 0
2 3 0 4 0 2 1 2 1 3 3 1 2 4 0 3 0 2 0 4 0 2 3 3 2
4 4 0 2 3 0 4 1 1 0 0 3 0 2 2 3 0 3 1 4 4 0 3 3 4
2 0 3 0 4 1 4 0 4 3 3 0 3 4 4 3 0 2 3 0 0 3 2 1 4
2 4 4 0 0 4 3 1 3 4 1 1 0 1 4 2 3 3 2 1 3 0 4 1 3
4 0 1 2 3 3 3 4 2 2 2 3 3 3 4 3 0 0 2 0 2 2 3 4 2
1 0 3 1 1 1 3 1 1 4 3 2 1 4 3 2 3 4 0 2 2 1 0 3 0
3 1 3 3 0 3 3 1 4 2 0 0 2 1 0 4 0 0 3 2 1 3 4 1 0
2 4 3 1 4 3 1 4 3 2 1 1 2 1 3 1 2 2 4 4 2 2 4 3 1
0 2 2 1 4 0 2 4 2 2 4 2 0 4 0 0 4 4 2 1 3 3 4 2 4
3 2 4 1 2 0 0 1 1 3 0 2 4 2 3 1 2 3 0 3 0 4 4 0 3
4 3 2 2 1 0 3 4 0 1 0 0 2 3 3 4 3 4 2 3 3 0 0 3 0
1 4 0 1 4 0 1 0 1 1 1 0 1 0 3 1 1 4 2 1 2 0 4 2 4
0 2 1 0 1 2 0 3 1 2 4 2 0 0 1 1 1 0 0 0 1 2 4 0 2
1 0 0 1 1 3 4 1 0 1 4 0 0 4 0 0 3 4 2 1 3 4 2 0 4
4 4 1 3 2 0 2 4 2 4 0 3 1 4 1 1 3 0 4 3 3 0 4 3 4
4 2 0 3 1 3 3 3 1 0 3 1 2 3 1 3 0 0 4 1 4 3 2 2 1
4 1 0 1 1 1 0 4 4 1 4 0 1 3 1 1 3 2 0 1 2 4 4 3 0
0 1 3 0 0 4 4 4 0 1 0 3 2 3 2 3 2 0 2 3 4 1 3 4 3
1 0 0 0 3 4 3 4 0 2 3 1 4 2 1 3 0 3 4 0 4 0 4 3 2
3 4 4 1 4 0 3 0 0 0 4 3 2 3 2 1 2 1 2 0 3 4 2 0 4
3 1 3 4 2 4 1 3 4 2 0 2 4 0 1 4 2 0 3 0 4 2 2 3 4
1 3 2 1 2 1 3 1 4 0 1 1 3 4 2 3 1 4 0 3 3 2 4 3 4
0 1 3 4 3 2 2 1 4 1 4 2 3 4 3 1 1 1 2 4 4 1 3 2 1
0 0 3 2 2 2 2 4 3 1 1 2 3 0 1 2 3 0 0 2 0 2 2 4 3
0 4 0 4 0 1 2 0 2 1 1 1 4 4 3 0 1 4 1 4 0 0 1 0 4
0 4 2 2 3 0 2 0 1 4 3 3 3 3 1 2 2 3 3 3 2 3 3 1 1
4 0 4 3 1 1 0 0 2 1 2 1 4 0 4 3 0 1 0 3 4 0 1 3 1
2 3 3 2 3 0 4 2 3 4 3 4 2 2 1 3 2 4 2 0 0 3 3 1 1
0 2 2 3 2 0 2 0 4 1 0 3 2 2 2 1 0 3 1 0 0 4 4 1 1
1 4 0 3 1 3 2 2 0 3 1 1 4 4 4 2 4 1 4 2 4 0 4 4 3
1 1 0 4 4 1 2 2 1 2 4 4 2 0 1 2 4 2 1 4 3 3 4 1 4
3 4 4 0 4 2 0 0 4 4 0 2 2 2 3 4 1 0 2 4 1 0 1 3 0
3 2 4 3 0 0 0 3 0 0 1 4 1 0 2 0 0 4 0 4 1 0 1 0 3
1 3 4 0 4 4 1 2 0 2 1 2 1 4 3 2 2 2 0 0 4 3 2 4 3
3 3 0 3 0 3 0 2 2 1 3 0 0 1 1 3 4 4 1 2 1 3 4 0 2
0 0 4 1 3 3 0 1 1 2 0 4 1 1 0 2 1 2 1 0 0 1 0 4 3
4 4 0 1 0 0 3 0 3 4 2 0 2 1 2 4 0 2 1 0 0 3 0 2 2
3 3 1 3 1 3 1 1 0 1 3 3 4 3 2 3 1 4 0 3 1 2 1 3 1
3 0 1 2 1 2 1 2 0 2 4 4 3 3 0 0 2 3 1 4 1 2 2 4 0
4 2 1 1 2 3 2 2 2 4 3 2 0 0 2 3 1 1 3 2 4 3 2 4 0
4 1 1 2 3 1 2 4 2 4 4 2 2 1 0 1 3 1 1 4 0 2 2 4 4
4 0 2 1 1 4 1 4 2 3 2 3 3 2 0 3 4 3 3 2 2 2 4 0 4
0 1 4 0 1 0 3 1 3 4 0 4 1 3 2 1 4 4 2 0 4 3 3 2 3
1 2 0 4 2 2 1 2 3 4 3 0 3 3 3 1 4 3 4 2 2 3 4 4 1
0 1 0 0 4 3 0 1 4 1 1 0 2 1 0 3 0 4 2 1 2 2 1 1 2
1 2 4 0 1 3 2 2 2 0 0 2 2 2 3 2 2 3 0 3 2 4 3 0 3
3 2 2 2 0 3 1 3 3 2 4 2 0 1 2 3 0 3 3 0 4 2 2 1 3
0 1 4 3 3 4 2 4 3 1 4 1 2 0 0 2 2 2 3 2 1 0 2 4 3
4 3 0 2 4 4 3 3 4 0 1 3 2 4 2 4 3 4 0 1 3 3 2 1 0
4 4 1 1 4 0 0 2 0 0 4 3 0 2 4 0 4 1 2 0 2 1 0 1 4
3 2 2 3 1 2 4 1 0 3 3 3 2 0 4 3 0 3 2 1 0 3 2 4 4
3 0 2 3 1 1 1 1 2 0 1 4 3 2 4 0 2 4 0 1 1 4 4 0 3
2 2 2 1 2 4 4 4 3 2 2 0 0 4 2 0 2 1 0 4 2 1 3 2 0
3 0 2 1 1 2 4 3 4 0 2 2 1 4 1 1 3 2 4 0 3 3 0 3 4
1 1 2 1 3 0 3 1 1 3 3 1 4 2 1 2 2 0 3 0 1 3 0 0 4
2 1 0 2 2 3 2 3 3 3 1 3 4 1 3 3 3 1 0 3 1 3 2 3 0
3 1 3 0 0 2 4 3 0 1 1 4 3 4 3 4 3 1 3 0 0 3 4 2 0
1 2 4 4 0 0 0 0 1 4 3 0 3 2 0 3 1 4 4 2 1 2 4 3 3
4 0 1 1 2 0 1 0 0 1 3 3 0 3 4 3 1 1 1 0 1 2 1 0 1
2 0 0 0 0 3 2 1 1 4 2 0 4 3 1 2 2 0 1 1 1 3 3 4 0
4 2 0 1 4 1 3 3 0 4 0 1 3 1 3 2 3 2 3 3 3 2 3 4 2
4 1 3 1 2 0 3 0 3 4 3 0 0 1 1 0 1 0 4 0 3 2 4 4 4
0 1 0 1 3 2 2 1 1 0 3 4 4 0 1 4 3 1 1 0 0 0 0 3 2
0 0 2 0 0 0 3 4 4 2 1 2 1 3 3 0 3 0 3 2 2 1 4 1 4
1 2 3 2 4 4 4 1 4 3 3 1 4 1 2 4 2 1 1 4 1 3 0 4 4
4 2 3 2 3 3 0 3 1 1 1 0 0 2 0 2 0 3 0 1 1 4 0 3 0
3 2 1 4 2 0 0 1 4 1 2 4 2 2 2 2 1 1 3 4 0 4 3 0 2
1 0 4 1 2 0 0 4 4 2 3 4 4 2 1 0 3 0 2 0 4 4 1 2 2
1 2 0 1 2 2 3 0 3 2 0 0 2 3 3 0 4 3 1 2 1 0 3 3 3
1 0 3 4 0 3 3 1 1 3 0 0 4 0 4 3 1 2 3 4 4 0 4 0 0
4 2 2 2 2 3 2 1 3 0 1 0 3 1 1 1 2 2 0 4 2 1 2 3 2
2 1 1 2 0 0 4 2 2 1 4 3 1 0 4 0 3 2 2 0 0 2 4 2 1
1 0 1 1 1 2 2 1 1 0 4 2 0 3 4 1 3 4 0 3 0 3 3 4 2
0 1 1 3 4 0 0 4 3 1 4 4 3 0 3 1 2 0 3 0 1 0 0 4 2
0 3 3 1 4 4 4 2 0 1 4 3 3 1 2 3 2 4 3 3 1 2 0 4 0
3 3 2 3 4 4 0 4 2 1 1 2 3 1 2 0 1 2 0 2 4 0 0 1 2
1 0 4 1 3 3 1 4 4 1 1 0 3 2 0 1 2 3 3 2 0 3 4 4 2
0 1 1 4 3 0 2 0 1 3 3 1 1 4 3 2 4 4 3 2 3 1 3 4 4
2 2 0 1 2 2 4 1 0 1 0 0 3 0 4 0 3 3 0 4 3 0 1 3 3
0 1 2 3 2 0 4 1 0 2 3 0 4 1 2 4 4 1 1 1 1 1 4 1 1
1 1 2 2 3 4 3 1 4 0 0 2 2 1 2 3 4 4 4 2 4 0 1 1 0
2 3 3 3 3 0 0 2 3 2 0 0 4 0 0 2 3 4 0 3 0 2 3 3 1
1 3 1 1 1 1 2 4 2 0 0 2 2 3 3 3 3 0 1 0 2 0 4 2 2
2 3 4 3 1 4 2 0 2 3 2 3 2 2 4 1 4 4 2 0 2 3 1 0 1
3 2 0 4 1 2 3 4 0 3 3 4 4 0 4 0 2 2 4 0 4 0 3 1 4
1 0 4 3 3 3 4 2 4 0 3 4 4 4 3 0 0 2 4 1 1 4 3 0 3
0 1 3 4 3 0 1 1 4 2 0 1 2 1 4 1 0 1 1 4 0 2 0 0 4
3 3 4 1 1 2 1 3 2 3 1 4 0 1 0 0 2 0 4 1 4 4 0 2 2
0 3 3 0 1 3 1 0 1 2 1 0 3 3 4 4 3 4 1 3 2 1 4 4 3
4 1 4 1 3 4 3 4 0 0 4 2 0 0 3 1 4 3 0 0 3 1 3 4 1
0 4 1 0 0 2 1 2 3 1 0 0 1 4 1 2 0 4 4 4 2 2 0 3 0
1 0 1 0 4 1 4 2 4 1 4 3 3 4 4 2 0 1 4 4 2 0 4 3 2
3 4 1 3 1 3 1 1 0 0 0 0 2 1 1 0 3 0 2 1 2 3 3 1 4
0 1 2 0 3 3 0 3 4 4 0 0 4 2 0 4 3 1 2 4 0 1 4 3 0
0 2 4 4 3 2 4 2 0 1 4 3 0 4 2 4 0 3 2 3 4 4 0 0 4
0 1 4 1 4 4 3 0 4 4 4 2 4 2 0 2 1 0 0 4 4 0 3 3 2
3 1 0 0 1 1 0 3 1 1 2 1 3 1 4 0 4 2 1 4 0 3 3 3 4
0 0 3 0 2 2 1 3 4 4 0 3 2 4 4 3 4 0 4 3 4 0 0 4 2
4 0 2 3 4 2 1 1 3 1 1 3 3 2 1 4 1 2 0 0 2 0 4 2 2
4 4 4 2 1 1 1 2 3 4 3 4 4 2 0 2 1 1 1 4 0 3 4 0 0
2 4 4 4 1 3 4 0 0 1 2 0 1 2 4 3 4 4 1 0 0 0 3 4 2
3 0 2 3 3 4 3 1 2 2 3 3 2 1 0 0 0 1 2 1 0 3 2 4 2
4 0 4 1 0 3 4 1 0 2 2 2 3 4 3 2 2 0 0 2 2 2 0 3 0
4 1 3 2 3 2 2 2 0 2 1 3 0 1 1 0 3 2 0 3 3 4 1 2 4
1 1 1 2 2 2 3 3 4 2 1 2 3 2 4 1 4 1 3 0 3 2 0 4 3
3 1 1 1 1 2 1 0 0 3 2 0 0 4 2 2 2 2 4 0 3 2 2 2 1
2 3 1 4 1 3 1 3 3 2 2 3 3 1 0 1 2 4 3 3 4 2 0 2 3
1 1 3 2 1 1 1 0 1 2 3 1 3 3 3 2 3 4 2 4 0 2 3 4 3
2 1 0 1 1 3 3 4 2 4 2 2 3 3 1 0 3 1 3 0 3 3 0 1 0
0 3 1 2 1 3 0 4 2 0 4 4 0 2 1 2 3 2 0 0 0 3 0 3 4
1 4 1 2 4 1 1 1 1 2 4 2 2 1 0 1 2 2 1 2 0 4 4 2 3
0 3 3 0 4 0 0 4 1 2 1 3 0 1 0 2 1 4 2 3 1 4 1 4 0
2 1 1 0 4 3 2 1 4 0 4 3 3 4 2 1 1 4 2 0 0 1 4 4 1
3 3 4 0 4 3 1 2 4 0 2 4 0 0 4 3 0 2 0 2 1 0 0 3 0
1 1 0 4 3 3 4 3 3 1 1 4 3 4 0 0 0 4 1 0 3 2 0 2 3
3 1 3 1 4 1 2 3 3 3 1 1 1 1 1 2 2 1 3 1 0 2 1 0 3
0 2 1 0 1 3 0 4 2 4 2 1 4 4 4 1 4 1 2 1 2 1 4 3 3
3 3 1 1 1 0 4 2 4 3 3 2 3 0 3 1 4 1 3 4 2 1 2 4 4
4 1 2 4 4 1 2 0 2 0 3 3 3 3 4 3 3 3 3 4 3 0 0 1 1
0 1 3 3 2 3 3 4 2 2 0 1 2 0 3 3 2 1 4 4 4 3 2 4 3
1 2 3 3 0 3 2 4 2 4 2 1 3 2 1 2 2 1 4 4 0 3 2 0 3
3 1 4 3 3 0 2 4 0 1 3 0 0 3 2 1 0 4 2 4 2 3 0 0 0
2 2 1 0 3 1 2 1 3 2 0 0 2 2 0 0 2 3 1 4 1 4 2 4 0
3 0 1 1 0 0 0 2 1 4 4 2 2 4 4 4 4 0 3 0 2 4 2 4 3
3 0 3 4 1 1 4 4 2 1 2 3 3 4 0 3 2 3 0 0 0 3 1 0 1
3 4 0 3 3 2 3 4 0 0 3 2 0 2 0 1 3 0 2 1 4 3 2 3 4
1 1 4 2 4 3 4 3 1 2 0 2 4 1 0 1 0 1 3 3 3 1 3 0 0
1 4 4 0 3 4 1 3 0 4 2 3 2 3 1 2 4 4 0 1 1 3 4 3 3
3 2 1 2 0 2 3 1 0 3 3 0 4 1 4 0 2 3 2 1 0 0 4 3 3
1 1 3 2 4 0 3 1 2 3 0 3 3 1 1 4 1 4 0 0 1 0 0 0 3
1 4 0 2 3 3 0 4 1 3 0 1 4 3 3 1 2 4 2 4 1 1 2 3 0
0 2 0 0 2 0 2 1 0 3 4 2 1 4 3 3 1 2 2 4 2 2 2 1 0
3 0 2 2 0 2 3 3 2 4 1 3 0 2 2 2 3 1 0 4 1 0 1 1 3
1 0 0 1 2 0 2 4 3 1 1 3 2 4 3 1 3 3 1 4 1 0 3 1 0
4 2 3 4 1 1 0 2 2 0 1 1 0 1 3 4 1 4 1 4 4 0 4 1 3
2 1 3 4 3 4 4 2 2 4 4 2 4 2 3 0 3 1 0 2 3 3 1 1 2
3 3 4 3 0 4 1 0 3 1 3 2 4 4 3 1 2 1 0 1 1 1 2 1 1
3 2 0 3 4 0 0 2 3 0 2 3 2 2 3 3 0 4 3 3 2 4 1 1 4
4 0 1 0 3 2 3 1 3 1 4 2 4 0 2 4 2 3 3 0 2 1 1 3 1
0 4 3 0 2 1 0 2 2 4 1 3 2 2 0 4 2 3 1 0 0 1 4 0 1
2 1 4 1 4 1 3 1 0 3 3 1 1 1 4 0 0 4 2 1 3 2 0 0 0
2 0 0 2 3 3 3 4 4 3 3 4 0 3 1 3 1 1 2 4 0 3 4 4 2
0 4 4 4 0 3 1 3 1 4 2 1 3 4 0 3 3 2 1 1 2 4 3 2 2
1 3 3 3 4 2 0 1 0 3 2 2 0 4 2 3 2 1 1 0 4 2 2 0 1
0 4 3 3 1 2 2 1 2 2 1 4 4 2 4 1 1 1 4 3 0 2 4 2 2
4 2 4 3 3 4 0 2 4 1 2 1 0 3 0 2 4 1 0 1 3 2 1 0 3
4 1 2 4 4 2 4 4 3 0 2 1 2 0 4 4 2 4 3 4 1 0 0 4 4
0 4 4 3 2 3 4 2 1 0 4 1 2 0 3 0 4 2 0 1 1 0 0 2 0
0 2 0 2 2 2 4 3 0 1 2 0 3 4 2 0 3 2 1 0 4 2 4 4 1
2 4 3 4 4 2 4 2 4 0 3 0 0 3 1 1 4 3 0 0 2 3 1 2 0
3 0 3 4 1 4 0 0 3 2 0 4 4 0 4 0 4 4 3 3 2 2 2 2 0
2 2 4 2 4 3 1 1 4 3 1 4 1 1 0 2 4 4 1 1 0 1 2 0 1
4 2 1 2 2 0 3 2 0 0 2 0 1 2 1 4 1 4 4 3 3 4 2 1 0
2 0 4 2 2 0 3 3 2 0 3 4 2 1 1 0 2 3 0 3 2 0 1 3 3
1 3 0 4 3 4 3 1 4 4 2 4 0 3 1 4 0 4 1 2 4 2 3 1 3
4 0 1 4 0 4 2 2 2 3 3 3 0 2 4 3 1 3 0 2 2 3 3 0 0
0 0 1 4 4 1 2 4 3 1 2 3 4 2 3 2 1 0 0 0 2 4 2 1 2
3 2 3 4 2 2 1 2 1 0 3 0 2 4 3 2 1 2 2 3 2 2 4 4 1
3 0 4 3 4 2 3 3 4 1 4 4 1 1 2 1 4 0 4 0 2 1 2 0 1
0 3 1 1 4 3 2 0 0 0 4 3 0 2 1 4 4 2 1 0 4 2 0 0 2
1 1 2 1 2 1 4 4 2 0 2 1 2 3 1 1 2 1 4 1 0 2 1 2 1
4 2 1 3 4 2 1 0 1 1 4 2 1 0 3 1 2 1 4 1 0 2 2 3 4
4 3 0 3 4 3 1 1 3 4 0 4 2 4 3 0 3 0 1 4 1 2 2 4 0
3 4 1 2 1 2 2 3 2 2 2 4 0 1 2 3 4 3 2 2 1 1 0 4 4
4 0 0 4 1 0 0 3 4 1 1 2 2 3 2 1 2 0 2 4 1 1 3 2 0
3 4 2 2 2 1 3 1 4 4 4 3 4 3 2 0 2 3 1 1 4 3 1 1 0
4 0 0 4 3 4 1 0 1 3 4 2 3 3 3 4 0 1 2 3 2 2 2 2 0
3 4 3 1 1 4 0 1 2 0 3 1 3 0 0 0 2 4 3 0 4 4 1 3 2
2 2 4 3 1 2 4 1 3 1 2 0 4 3 1 2 0 0 1 1 0 2 2 0 2
4 2 4 1 0 3 2 3 3 0 3 4 1 1 4 2 1 3 1 1 0 0 4 2 0
3 3 0 4 0 0 2 2 1 0 3 2 3 4 2 3 4 3 2 2 0 2 0 1 3
1 1 2 3 1 1 2 0 4 1 3 4 0 2 0 0 1 4 4 3 4 0 4 3 3
1 4 2 4 4 3 2 2 3 3 1 0 1 3 4 0 0 0 3 0 1 1 0 4 3
0 4 3 3 3 2 0 2 3 2 2 0 2 2 0 4 0 3 4 3 0 1 1 2 4
2 1 3 3 2 1 3 4 0 2 0 1 4 2 4 4 4 1 0 2 1 2 0 3 2
3 2 3 0 4 2 2 2 0 1 4 2 3 0 2 1 2 4 1 1 1 3 2 2 2
3 0 1 0 2 2 0 4 0 1 1 0 1 2 1 4 0 2 0 1 1 2 3 1 2
3 4 2 0 3 4 1 1 4 0 4 0 1 0 1 2 2 2 0 2 0 3 0 3 1
2 3 0 0 2 0 3 0 0 2 3 2 4 3 2 0 0 0 2 3 1 1 2 1 3
3 0 2 2 2 2 1 0 0 2 4 0 3 1 3 1 1 0 3 4 2 0 1 4 0
1 2 4 0 3 0 1 4 4 3 0 4 1 2 4 2 2 1 4 1 1 0 4 3 2
2 2 2 2 3 0 2 2 4 3 1 3 3 4 1 0 1 1 3 4 3 3 4 3 3
2 0 1 4 3 0 0 2 2 3 1 4 2 0 1 2 1 0 4 0 1 2 3 4 1
0 3 4 0 2 0 4 1 4 4 3 1 0 3 4 4 0 0 0 0 3 0 2 2 0
3 3 3 3 1 0 2 0 2 3 1 1 2 0 0 2 4 2 2 4 4 3 0 4 0
3 4 2 0 2 3 4 2 0 2 2 0 0 3 2 1 1 3 3 0 2 0 2 0 1
3 0 2 1 4 4 2 1 0 2 1 4 3 0 4 4 2 1 1 3 3 1 4 3 3
2 3 3 4 1 0 0 3 0 4 2 4 4 0 4 4 2 4 3 2 0 2 0 4 3
4 3 4 1 1 4 0 3 2 1 1 1 1 3 4 1 1 3 4 4 4 3 2 2 2
2 4 3 0 3 0 0 3 2 4 0 3 1 0 0 3 2 1 1 0 0 1 4 2 1
